{'X4': 0.2802780067007756, 'X3': 0.16443281119198225, 'X6': 0.11491159236661533, 'X2': 0.08063351374422452, 'X1': 0.07299534617968743, 'X7': 0.06719267934576391, 'X9': 0.06698049580006164, 'X8': 0.056648082828602245, 'X5': 0.056316370346720844, 'X0': 0.03961110149556646}
{'X4': 0.26360074629924, 'X3': 0.13378286447357038, 'X2': 0.10557990633863909, 'X1': 0.09639610401717141, 'X9': 0.09322459402832413, 'X6': 0.07891161061112019, 'X8': 0.0707480106131329, 'X7': 0.06304592487682584, 'X5': 0.05417930756505768, 'X0': 0.040530931176918375}
{'X4': 0.2831849048313556, 'X3': 0.1410565243835185, 'X6': 0.0974073965362279, 'X1': 0.09473247851522888, 'X2': 0.08624846872394813, 'X9': 0.0798949800039162, 'X8': 0.07594409620573332, 'X7': 0.05508398098918964, 'X0': 0.048126129601645785, 'X5': 0.03832104020923615}
{'X4': 0.3050632574856549, 'X3': 0.15164928709727235, 'X1': 0.1005235817642475, 'X8': 0.08136705830494051, 'X2': 0.07200934168279004, 'X6': 0.06880474969142994, 'X9': 0.0658309819712691, 'X0': 0.0634349696351097, 'X5': 0.05125052155397914, 'X7': 0.04006625081330682}
{'X4': 0.31701745361240347, 'X3': 0.1289004444214478, 'X2': 0.0965464158388255, 'X1': 0.09588690222854074, 'X8': 0.08228018846540924, 'X9': 0.07486693114021808, 'X6': 0.05920994846747158, 'X0': 0.05539884459002491, 'X7': 0.05199030844211338, 'X5': 0.037902562793545376}
{'X6': 0.22791353256424343, 'X8': 0.179682168205459, 'X4': 0.1648392967724568, 'X2': 0.07689298140952786, 'X3': 0.0718646769041513, 'X1': 0.07183879422002125, 'X5': 0.061451480367872284, 'X9': 0.05653890071528176, 'X0': 0.05243717192940628, 'X7': 0.03654099691158}
{'X4': 0.2001344523815446, 'X6': 0.19439259903904096, 'X3': 0.10581500296506197, 'X5': 0.1047317951910741, 'X8': 0.0958721125017371, 'X2': 0.08147922113278917, 'X9': 0.06786867622409698, 'X7': 0.06049580571926398, 'X1': 0.05647343573653071, 'X0': 0.032736899108860275}
{'X4': 0.20046538840632147, 'X6': 0.14252093561138945, 'X8': 0.13137363005036348, 'X5': 0.10877118763737396, 'X3': 0.09575351325619794, 'X1': 0.08693457671424198, 'X2': 0.0805458747147318, 'X7': 0.055315030742879655, 'X9': 0.054946672069030256, 'X0': 0.04337319079747009}
{'X8': 0.23021083852712723, 'X4': 0.18307661270496867, 'X5': 0.1339975859724708, 'X6': 0.10463852447481847, 'X2': 0.08587235955713501, 'X3': 0.0785534126538974, 'X1': 0.0500685754635954, 'X9': 0.04854066157448456, 'X7': 0.047270289835534184, 'X0': 0.03777113923596822}
{'X6': 0.1960317103523132, 'X4': 0.15995628683514215, 'X8': 0.12848609463262659, 'X5': 0.12781675250538632, 'X3': 0.10594955490722557, 'X2': 0.06130060312592167, 'X7': 0.05926378524447778, 'X1': 0.05833722577400631, 'X9': 0.057581738559817436, 'X0': 0.04527624806308273}
{'X4': 0.19893950518483347, 'X5': 0.1916450234442011, 'X6': 0.12308097952134081, 'X8': 0.10365828749449009, 'X3': 0.08762717859704798, 'X1': 0.07860220003710906, 'X2': 0.07020407582814493, 'X9': 0.05799793231173248, 'X7': 0.05214890830248376, 'X0': 0.036095909278616396}
{'X4': 0.2169306154969016, 'X6': 0.15601587572169928, 'X5': 0.13352618070247854, 'X8': 0.11240772203678827, 'X3': 0.10040653326489775, 'X2': 0.06731191835131335, 'X9': 0.05737288624630823, 'X0': 0.056383847326679976, 'X7': 0.05387485661007343, 'X1': 0.045769564242859585}
{'X4': 0.23563990462718531, 'X6': 0.14942329414901526, 'X5': 0.12422247749251313, 'X8': 0.117703404327489, 'X3': 0.10918543407373381, 'X9': 0.06420174947259212, 'X2': 0.06098819594570801, 'X1': 0.056923043173668884, 'X0': 0.05407909090681651, 'X7': 0.027633405831277966}
{'X4': 0.2507462463473035, 'X6': 0.14445793210685734, 'X5': 0.10978478253124839, 'X8': 0.09332578664437219, 'X0': 0.09097632397346103, 'X3': 0.08970168877167921, 'X9': 0.06839652656162068, 'X2': 0.06423993257661727, 'X7': 0.05220961307747948, 'X1': 0.03616116740936081}
{'X4': 0.2061514537854047, 'X6': 0.16271788878047092, 'X8': 0.11754083474442674, 'X0': 0.09559622975843474, 'X5': 0.09148592929682578, 'X3': 0.08706070158167704, 'X2': 0.08033528836365808, 'X1': 0.060396246259574314, 'X9': 0.052950232471682124, 'X7': 0.0457651949578457}
{'X4': 0.24868368711178035, 'X6': 0.16493824529946982, 'X3': 0.10952513040800334, 'X5': 0.09775344804455269, 'X8': 0.08910662634302387, 'X0': 0.0743583573504248, 'X2': 0.06677240490375774, 'X9': 0.054213490942273165, 'X1': 0.052524785541670435, 'X7': 0.04212382405504363}
{'X4': 0.23939632478476042, 'X5': 0.13899280601405475, 'X6': 0.10530937052197203, 'X8': 0.09793074292447104, 'X3': 0.09229876210637084, 'X2': 0.08926992133858873, 'X1': 0.07738525698905911, 'X7': 0.057338851292033755, 'X9': 0.05242712490549783, 'X0': 0.049650839123191216}
{'X4': 0.23456050522536928, 'X6': 0.14628611784689188, 'X5': 0.1274949920406608, 'X3': 0.1036586902203595, 'X8': 0.0840270600641344, 'X7': 0.0791575525581285, 'X2': 0.06541302160532302, 'X9': 0.05645765828047007, 'X1': 0.054572176455341674, 'X0': 0.048372225703320774}
{'X4': 0.25810394868534636, 'X5': 0.14699011471609927, 'X6': 0.1096439584527553, 'X8': 0.09473666620345875, 'X3': 0.0922471946085057, 'X2': 0.07677430195822456, 'X1': 0.06806752337701445, 'X7': 0.05610792307990873, 'X0': 0.05471654748513481, 'X9': 0.04261182143355218}
{'X5': 0.2567188908490287, 'X4': 0.19917992040376042, 'X8': 0.10992448162660172, 'X6': 0.08957997257151523, 'X3': 0.08570614786216159, 'X2': 0.07170665013814588, 'X0': 0.05944290709287151, 'X1': 0.04890239456782214, 'X7': 0.04813019401718874, 'X9': 0.030708440870904123}
{'X5': 0.3434141874527054, 'X4': 0.1592137225511394, 'X6': 0.09786838329649653, 'X8': 0.07920876650674205, 'X3': 0.06460076703936984, 'X0': 0.060882196350206086, 'X2': 0.05758044326970058, 'X7': 0.04957691270647652, 'X9': 0.04450132885546857, 'X1': 0.04315329197169505}
{'X5': 0.267350869831969, 'X4': 0.14924905756469437, 'X6': 0.11662463447708352, 'X3': 0.07707968095820311, 'X8': 0.07428537959893597, 'X2': 0.07212902639487084, 'X0': 0.0706716367941225, 'X1': 0.06162608748455196, 'X9': 0.057749173087936055, 'X7': 0.053234453807632566}
{'X5': 0.3842082675161427, 'X4': 0.16294606646120324, 'X6': 0.08630643875163688, 'X1': 0.07354719004215757, 'X8': 0.065681630892277, 'X3': 0.06367015954116173, 'X2': 0.050948109352290015, 'X0': 0.03759094533813826, 'X9': 0.03757798036024373, 'X7': 0.03752321174474898}
{'X5': 0.4282318976560071, 'X4': 0.14665582139043573, 'X6': 0.09065863628679946, 'X8': 0.05973926251725482, 'X3': 0.0523461542412983, 'X2': 0.04973252473207124, 'X1': 0.04938116216155995, 'X9': 0.04537427825890863, 'X7': 0.03936693961552915, 'X0': 0.038513323140135516}
{'X5': 0.32039675646185545, 'X4': 0.1886715344938364, 'X6': 0.09860794849163498, 'X8': 0.08903148478631787, 'X3': 0.06668441585777685, 'X2': 0.06094965583974211, 'X0': 0.05466492315715594, 'X1': 0.04520163267557465, 'X9': 0.0409563291817376, 'X7': 0.03483531905436813}
{'X5': 0.37166566397246503, 'X4': 0.1910214291224522, 'X6': 0.08691338775786084, 'X3': 0.0632376953647937, 'X8': 0.06288760919564461, 'X1': 0.05725416595431931, 'X7': 0.04496208339190003, 'X2': 0.043745235941623155, 'X0': 0.04221882589426434, 'X9': 0.036093903404676796}
{'X5': 0.38818890664529304, 'X4': 0.16746607087831972, 'X6': 0.0935011417717196, 'X8': 0.06707092067716888, 'X2': 0.05506228591527766, 'X7': 0.05040577004046412, 'X1': 0.04933291764932608, 'X3': 0.04826568229180797, 'X0': 0.04115812416185579, 'X9': 0.03954817996876699}
{'X5': 0.318142644777164, 'X4': 0.16807784530340902, 'X6': 0.10538672390318854, 'X2': 0.0787442249561498, 'X8': 0.07257392996458684, 'X3': 0.0661258094849767, 'X1': 0.0610782021319205, 'X7': 0.047108409978267624, 'X0': 0.04439873033016336, 'X9': 0.03836347917017368}
{'X5': 0.3825203717293661, 'X4': 0.19747456646143483, 'X8': 0.07263711350851548, 'X6': 0.07007882989906716, 'X2': 0.05988858362103367, 'X3': 0.05648534601800944, 'X1': 0.05239562688189122, 'X7': 0.04100453376358444, 'X9': 0.037016948585233946, 'X0': 0.030498079531863752}
{'X5': 0.33159875512150977, 'X4': 0.2002882996663334, 'X6': 0.08449609051450635, 'X8': 0.0762638441017763, 'X3': 0.06638333942592546, 'X2': 0.06146699423526541, 'X1': 0.05338899666036703, 'X7': 0.048380115968676106, 'X0': 0.04307828634645158, 'X9': 0.03465527795918857}
{'X5': 0.4088855957241159, 'X4': 0.15534357560395842, 'X8': 0.10575860881657219, 'X3': 0.061025694505426505, 'X1': 0.05699349855463924, 'X6': 0.05162515134002731, 'X2': 0.05038150240521445, 'X9': 0.041839906129073574, 'X7': 0.0388539248225426, 'X0': 0.02929254209842975}
{'X5': 0.4392198157793568, 'X4': 0.17100821801525398, 'X6': 0.07383581112525435, 'X8': 0.06665435072400448, 'X3': 0.06619317901567529, 'X1': 0.046223752641728094, 'X7': 0.04358132005058249, 'X2': 0.042117318601936085, 'X9': 0.0285801528333636, 'X0': 0.022586081212844805}
{'X5': 0.3739247165452545, 'X4': 0.17436190377484895, 'X8': 0.08847904970547894, 'X1': 0.0807835262951699, 'X6': 0.06503105550169203, 'X3': 0.06364351692806439, 'X2': 0.05326943778792895, 'X7': 0.0425844936775007, 'X9': 0.03340376502044255, 'X0': 0.024518534763619124}
{'X5': 0.4114736690014495, 'X4': 0.1988029699157572, 'X8': 0.0805252403318335, 'X6': 0.06730635480782449, 'X3': 0.053461285944085446, 'X1': 0.04915763474368355, 'X2': 0.03924338596988567, 'X9': 0.037157554172967955, 'X7': 0.03344871056421979, 'X0': 0.029423194548292914}
{'X5': 0.37830760332220853, 'X4': 0.17827350434177455, 'X8': 0.1044419638561816, 'X6': 0.07303407252862024, 'X3': 0.06296063196370442, 'X1': 0.049156333425755254, 'X2': 0.0466615674430035, 'X9': 0.03649980321154724, 'X0': 0.035677912744326336, 'X7': 0.034986607162878144}
{'X5': 0.3828766808097145, 'X4': 0.20234206590810375, 'X8': 0.09843391626135864, 'X6': 0.07927132934626169, 'X1': 0.05224916161275005, 'X3': 0.051672324890114224, 'X2': 0.04906173025904766, 'X7': 0.03090399127085462, 'X0': 0.026719735327313542, 'X9': 0.02646906431448125}
{'X5': 0.38743186565512056, 'X4': 0.19780210289937047, 'X6': 0.07820111987395678, 'X8': 0.07540802384757282, 'X3': 0.05884388688736002, 'X1': 0.05447924323143922, 'X2': 0.05267022398480638, 'X7': 0.03829992862013084, 'X0': 0.03116826876152533, 'X9': 0.025695336238717552}
{'X5': 0.37397478478883084, 'X4': 0.1998215089709923, 'X8': 0.0764542031951658, 'X3': 0.07324391293222646, 'X6': 0.06971682619434721, 'X1': 0.04922184872060128, 'X7': 0.046498419606396, 'X2': 0.041579515783447714, 'X0': 0.03751538483642722, 'X9': 0.031973594971565183}
{'X5': 0.3549337441390149, 'X4': 0.18232940403349154, 'X8': 0.09411513599655139, 'X6': 0.07423688040312802, 'X7': 0.06643920895104473, 'X3': 0.0603857569844156, 'X1': 0.04923611824168755, 'X0': 0.04340771298540666, 'X2': 0.04207335746314582, 'X9': 0.032842680802113854}
{'X5': 0.3587581181202353, 'X4': 0.19408715749173366, 'X8': 0.09546474922978963, 'X7': 0.08435311234938589, 'X6': 0.062135688550113526, 'X3': 0.05801647909909058, 'X0': 0.04304387070966983, 'X2': 0.040690158630196684, 'X1': 0.03927501273538771, 'X9': 0.024175653084397303}
{'X5': 0.3777918316138868, 'X4': 0.20038773069426435, 'X8': 0.0949817571030413, 'X7': 0.07595704709219246, 'X3': 0.07159921982099658, 'X6': 0.05431769541993103, 'X1': 0.045735937443651585, 'X2': 0.03305650394971586, 'X0': 0.026129108716816733, 'X9': 0.020043168145503446}
{'X5': 0.365654601981922, 'X4': 0.19810548677475942, 'X8': 0.10053097380524276, 'X7': 0.09838638126956968, 'X3': 0.0700127695094534, 'X6': 0.0442464400104924, 'X1': 0.040810202782126895, 'X2': 0.035909077023877946, 'X9': 0.024210743260378222, 'X0': 0.02213332358217717}
{'X5': 0.3403499830006885, 'X4': 0.1800148579194095, 'X7': 0.1325129424702755, 'X8': 0.10505171163589312, 'X3': 0.06897821192065048, 'X1': 0.045591256021398525, 'X2': 0.044800550336914054, 'X6': 0.037928828107013604, 'X0': 0.026796969289836787, 'X9': 0.017974689297919916}
{'X5': 0.32883760036906895, 'X4': 0.17984865851991771, 'X8': 0.1342324110068751, 'X7': 0.11326171735245666, 'X3': 0.0817109586652555, 'X1': 0.043029024066308035, 'X6': 0.034085723699779864, 'X2': 0.03401169188842004, 'X0': 0.03238237339829981, 'X9': 0.0185998410336183}
{'X5': 0.36200492921535965, 'X4': 0.1956150347725406, 'X7': 0.09643769095433068, 'X8': 0.09193040359991114, 'X3': 0.06793828900107522, 'X1': 0.06443182782142959, 'X0': 0.03729641951123915, 'X6': 0.03728342175351947, 'X2': 0.030305765732517306, 'X9': 0.016756217638077015}
{'X5': 0.3588343408184597, 'X4': 0.2303696966302608, 'X7': 0.09933403141563947, 'X8': 0.07750759426035997, 'X3': 0.06420988769910378, 'X6': 0.05018639652186589, 'X1': 0.049764987436170804, 'X2': 0.025665868209679695, 'X0': 0.023453151730962966, 'X9': 0.02067404527749683}
{'X5': 0.3756993129016031, 'X4': 0.24518389935018148, 'X7': 0.10058121184063545, 'X8': 0.07749632291552362, 'X1': 0.0523079216723654, 'X3': 0.04350968686000081, 'X2': 0.030599739735147895, 'X0': 0.026917776355935622, 'X6': 0.025936083577348824, 'X9': 0.02176804479125784}
{'X5': 0.3705870689883227, 'X4': 0.21658695778805978, 'X7': 0.101794261739788, 'X8': 0.07327100746742586, 'X3': 0.061281199212492074, 'X1': 0.04645926786467606, 'X2': 0.0381378082614259, 'X6': 0.0377558660938981, 'X0': 0.03376485710973201, 'X9': 0.020361705474179342}
{'X5': 0.3874200807492281, 'X4': 0.24522856896510803, 'X7': 0.0976555938987003, 'X8': 0.07263674412074045, 'X3': 0.04814050777499156, 'X1': 0.039273479925460854, 'X6': 0.03360300253299358, 'X0': 0.03059784043813035, 'X2': 0.02968711028025857, 'X9': 0.01575707131438813}
{'X5': 0.41629927202713735, 'X4': 0.20717717142959827, 'X8': 0.08902772033901314, 'X7': 0.08452155710304352, 'X1': 0.055852603602226845, 'X3': 0.048408946822266256, 'X0': 0.035338318179774016, 'X6': 0.030593922762416327, 'X2': 0.01893313733078711, 'X9': 0.013847350403737052}
{'X5': 0.4163355416525427, 'X4': 0.23249326071423573, 'X8': 0.0959939245602929, 'X7': 0.08286545169607172, 'X1': 0.03761222706769854, 'X3': 0.035631599961805066, 'X2': 0.03089835664566605, 'X0': 0.028958699301446844, 'X6': 0.027208095313503343, 'X9': 0.012002843086736829}
{'X5': 0.40591474556743856, 'X4': 0.17734730781581629, 'X8': 0.08654594727178112, 'X7': 0.082567460427139, 'X1': 0.06250030516924615, 'X0': 0.05049705913265146, 'X3': 0.04557109925154232, 'X2': 0.037379237373084885, 'X6': 0.03359973451650143, 'X9': 0.01807710347479873}
{'X5': 0.40409467983720015, 'X4': 0.19204343831527054, 'X7': 0.09336548009586311, 'X8': 0.07655966687801803, 'X1': 0.0630074773168145, 'X3': 0.04766526584188094, 'X0': 0.04056333609114166, 'X6': 0.03713413668814603, 'X2': 0.03481454329123134, 'X9': 0.01075197564443346}
{'X5': 0.41280985297815975, 'X4': 0.20255599182836667, 'X7': 0.08968130900614378, 'X8': 0.07184384633494943, 'X1': 0.0647563242042371, 'X0': 0.03750238141145614, 'X3': 0.03698675944191354, 'X2': 0.0347595408002652, 'X6': 0.0331021192613285, 'X9': 0.016001874733179988}
{'X5': 0.4305073435008044, 'X4': 0.21845810824249853, 'X1': 0.0671414877150161, 'X7': 0.06571871702271152, 'X8': 0.05454230818816122, 'X3': 0.04500772276543477, 'X0': 0.039057639917529426, 'X2': 0.034258251338340366, 'X6': 0.030973030805308433, 'X9': 0.014335390504195291}
{'X5': 0.4310474098034161, 'X4': 0.19599574803311812, 'X7': 0.08306198870483521, 'X1': 0.06821455315915556, 'X8': 0.058902183464879396, 'X3': 0.04769737966540941, 'X2': 0.03841164635643503, 'X0': 0.03176723317777226, 'X6': 0.02910053083905773, 'X9': 0.015801326795921358}
{'X5': 0.4294121300164935, 'X4': 0.20289159422127623, 'X7': 0.08405272471208004, 'X8': 0.07387050290119258, 'X1': 0.0477720582082605, 'X3': 0.045827782150423275, 'X0': 0.04000476604673711, 'X2': 0.03548684300972869, 'X6': 0.026345606054636147, 'X9': 0.014335992679172007}
{'X5': 0.4247451816193233, 'X4': 0.18043839612363854, 'X7': 0.08634911589046858, 'X8': 0.06876733647560762, 'X2': 0.056652198982533555, 'X3': 0.05475536663578343, 'X0': 0.04187628367713722, 'X1': 0.03746622115010332, 'X6': 0.03417701044279212, 'X9': 0.01477288900261219}
{'X5': 0.41076826953984746, 'X4': 0.19444239581950415, 'X7': 0.07724754359389521, 'X2': 0.06750686735113298, 'X8': 0.06651140227882985, 'X1': 0.0516587216678219, 'X3': 0.04592594840241667, 'X6': 0.03835602284895603, 'X0': 0.03641581514286622, 'X9': 0.011167013354729636}
{'X5': 0.421512769859829, 'X4': 0.19966974128726422, 'X8': 0.06494956678970036, 'X7': 0.06340069329382246, 'X1': 0.05530455922154046, 'X0': 0.05004902791610475, 'X2': 0.04876930739213022, 'X3': 0.0458980614352978, 'X6': 0.037527283649002346, 'X9': 0.012918989155308551}
{'X5': 0.42201120953204335, 'X4': 0.19217342490687842, 'X8': 0.07223298209704536, 'X3': 0.0651405104170068, 'X2': 0.06467384943853478, 'X1': 0.054544648409331875, 'X7': 0.051289139085388596, 'X0': 0.03265072680084176, 'X6': 0.02634655546015327, 'X9': 0.018936953852775693}
{'X5': 0.4368780647799448, 'X4': 0.1991070038947631, 'X8': 0.06506592175788993, 'X1': 0.06261461885148088, 'X2': 0.0583768124827225, 'X6': 0.047368021072790464, 'X3': 0.04521344132352212, 'X0': 0.033462900367541466, 'X7': 0.03263537746714422, 'X9': 0.019277838002200447}
{'X5': 0.42077253953298704, 'X4': 0.1988071267278718, 'X1': 0.06552282670476291, 'X8': 0.060242721514929994, 'X2': 0.05799992275133922, 'X3': 0.05224787436908978, 'X7': 0.04708667665840575, 'X0': 0.041543774824635685, 'X6': 0.041095328759043794, 'X9': 0.014681208156933986}
{'X5': 0.4281123878049392, 'X4': 0.19950428307854437, 'X1': 0.07254407960855241, 'X8': 0.06382432049267367, 'X2': 0.0546639125859738, 'X3': 0.040840015691284155, 'X7': 0.0408067675372922, 'X0': 0.0406152907970705, 'X6': 0.03997254575522791, 'X9': 0.019116396648441825}
{'X5': 0.4171093573478367, 'X4': 0.20905145296920058, 'X1': 0.06241995406857573, 'X7': 0.06199618644960479, 'X2': 0.061386232654071754, 'X8': 0.05553113419444552, 'X0': 0.04837670555087913, 'X3': 0.04545888622986806, 'X6': 0.020035795974165476, 'X9': 0.018634294561352214}
{'X5': 0.4494027912933254, 'X4': 0.17400290289502043, 'X2': 0.08627176171435375, 'X8': 0.05572132831647864, 'X7': 0.05508360196332794, 'X1': 0.051785632721619804, 'X3': 0.04394587252820031, 'X0': 0.03900272929890845, 'X6': 0.028036800529215526, 'X9': 0.016746578739549926}
{'X5': 0.4533564209433146, 'X4': 0.15582640502893383, 'X1': 0.06862509376973061, 'X2': 0.06563885602468221, 'X7': 0.06133641155888882, 'X8': 0.053845613073970074, 'X0': 0.0449074558730131, 'X3': 0.043609466297174326, 'X6': 0.03861892865251377, 'X9': 0.014235348777778673}
{'X5': 0.4188474988232231, 'X4': 0.19128715461331, 'X2': 0.08203570360336405, 'X1': 0.06962395227278867, 'X7': 0.055345913613804434, 'X8': 0.05002196724189465, 'X3': 0.04719130692752952, 'X0': 0.0352696885821432, 'X6': 0.03508239658223534, 'X9': 0.015294417739707133}
{'X5': 0.455148209897885, 'X4': 0.16274715743114102, 'X1': 0.07563371170597634, 'X2': 0.06547535523150312, 'X7': 0.054304189808955454, 'X6': 0.04936297078252565, 'X0': 0.043319342705730124, 'X8': 0.03741725428191503, 'X3': 0.03671347957512283, 'X9': 0.019878328579245375}
{'X5': 0.4583349457618373, 'X4': 0.1671244989620993, 'X2': 0.08049228363893994, 'X1': 0.06826790615739275, 'X7': 0.05523440261336975, 'X0': 0.052287248270827244, 'X3': 0.03735793745274493, 'X6': 0.035497674614337754, 'X8': 0.032136154622570884, 'X9': 0.013266947905880257}
{'X5': 0.4595551754890812, 'X4': 0.16705472000675145, 'X2': 0.07130910122097119, 'X1': 0.0704937786423184, 'X7': 0.059012889831525125, 'X0': 0.04648870177956205, 'X6': 0.0393661757681269, 'X3': 0.032896461780930246, 'X8': 0.02970007873938061, 'X9': 0.024122916741352907}
{'X5': 0.4489151733187414, 'X4': 0.1784348993820553, 'X2': 0.07430805287621453, 'X1': 0.07258569118231228, 'X7': 0.05288194526189778, 'X8': 0.04618493230301281, 'X0': 0.04608908773872644, 'X6': 0.03507058598152005, 'X3': 0.02807682878804708, 'X9': 0.017452803167472327}
{'X5': 0.4586477023972506, 'X4': 0.162256875930116, 'X1': 0.07320062102947392, 'X2': 0.07069547919381253, 'X8': 0.05850933744965544, 'X7': 0.04952424770261888, 'X6': 0.043463713376422325, 'X0': 0.03882979228821303, 'X3': 0.027304463175285995, 'X9': 0.017567767457151353}
{'X5': 0.46916247697777097, 'X4': 0.1599525930966179, 'X2': 0.08275903571913996, 'X1': 0.074716831405898, 'X6': 0.046415991090433574, 'X7': 0.03760670410654948, 'X8': 0.037573092419145845, 'X3': 0.036484747558989734, 'X0': 0.036431338086896775, 'X9': 0.018897189538557756}
{'X5': 0.46355152022181395, 'X4': 0.15723119063218877, 'X1': 0.07710298722696222, 'X2': 0.0753276797332822, 'X8': 0.05428906193922253, 'X3': 0.04798336235100191, 'X6': 0.045230887286427386, 'X0': 0.03170187858818709, 'X7': 0.030838207399493608, 'X9': 0.016743224621420246}
{'X5': 0.4726163210205468, 'X4': 0.15849659508856456, 'X1': 0.09049284587100247, 'X2': 0.07803505378501946, 'X8': 0.04723169169365407, 'X6': 0.03813183368907612, 'X3': 0.03330866403672544, 'X0': 0.03291930225957843, 'X7': 0.030560538188972565, 'X9': 0.018207154366860143}
{'X5': 0.4620619138978438, 'X4': 0.16649522728354338, 'X1': 0.09335170591075734, 'X2': 0.07152373807166718, 'X8': 0.0507991462633778, 'X0': 0.04033241351130055, 'X6': 0.03863900408200229, 'X3': 0.03849877656359444, 'X7': 0.020623023703640414, 'X9': 0.017675050712272777}
{'X5': 0.47212922987431166, 'X4': 0.16968203202746268, 'X1': 0.09894871192324019, 'X2': 0.07657823894596255, 'X3': 0.043767836886635, 'X6': 0.0401192022048349, 'X0': 0.03415858060450232, 'X8': 0.03314378977375903, 'X7': 0.01578013622168683, 'X9': 0.015692241537604852}
{'X5': 0.4805331855211974, 'X4': 0.1379828642502445, 'X1': 0.08358271596742599, 'X8': 0.07559218101258607, 'X2': 0.06738253766161696, 'X6': 0.05655934518113094, 'X3': 0.037206356853609075, 'X0': 0.025733882060181543, 'X7': 0.01800841834734877, 'X9': 0.017418513144658625}
{'X5': 0.4963832716382856, 'X4': 0.1489428607657469, 'X1': 0.09184699535937602, 'X2': 0.06927703845667713, 'X8': 0.05475951938316617, 'X3': 0.04636566271871067, 'X6': 0.03629928546326303, 'X9': 0.019935825636625947, 'X0': 0.01943151235408792, 'X7': 0.016758028224060726}
{'X5': 0.4860106215741208, 'X4': 0.15067125870013792, 'X1': 0.07934025797323416, 'X2': 0.07389213100955415, 'X8': 0.05489575835122521, 'X3': 0.04553769837577355, 'X6': 0.044901470360966145, 'X0': 0.02932642923807806, 'X9': 0.019714596260879153, 'X7': 0.01570977815603105}
{'X5': 0.4746506939166547, 'X4': 0.1788499061673572, 'X1': 0.07164546822464042, 'X2': 0.06765277022470641, 'X8': 0.06623875850437223, 'X3': 0.05126243401509334, 'X6': 0.032503635907163174, 'X0': 0.02427379886694197, 'X9': 0.017008825801753905, 'X7': 0.015913708371316667}
{'X5': 0.4838734149111991, 'X4': 0.18489259882880707, 'X2': 0.0788065407019409, 'X1': 0.07357437776193192, 'X8': 0.047385792549319385, 'X3': 0.04017845273068677, 'X6': 0.039145945597250154, 'X0': 0.026833405476384225, 'X7': 0.013994524021832605, 'X9': 0.01131494742064784}
{'X5': 0.4891479387991717, 'X4': 0.14788630351557924, 'X1': 0.08665901528688524, 'X2': 0.0771799954092594, 'X6': 0.04835395923194584, 'X8': 0.047503665442299295, 'X3': 0.041939272403017404, 'X0': 0.026878634121900682, 'X9': 0.018900435512573713, 'X7': 0.01555078027736745}
{'X5': 0.4843952094092531, 'X4': 0.1773820139495476, 'X1': 0.0860902391590344, 'X2': 0.07388557276730745, 'X8': 0.046864884805026256, 'X3': 0.03854589894824472, 'X6': 0.03817377460313453, 'X0': 0.031473766542742164, 'X7': 0.012736254981366742, 'X9': 0.010452384834342916}
{'X5': 0.48742557295717465, 'X4': 0.15685146997413446, 'X1': 0.08682929042771172, 'X2': 0.08208597822719618, 'X3': 0.04452297614559708, 'X6': 0.04356155880003184, 'X8': 0.04194803483463794, 'X0': 0.023885272704221132, 'X9': 0.01963073455264658, 'X7': 0.013259111376648411}
{'X5': 0.4900280042550962, 'X4': 0.1522007540525906, 'X2': 0.08285368951872142, 'X8': 0.07136334291906779, 'X1': 0.06357237359296275, 'X3': 0.04578197516734149, 'X6': 0.04090640053365509, 'X0': 0.024049636538197975, 'X7': 0.015417607555838897, 'X9': 0.013826215866527814}
{'X5': 0.4751058731534081, 'X4': 0.14189334115068541, 'X8': 0.08329156753688043, 'X1': 0.07602040994175047, 'X2': 0.07286924762482196, 'X3': 0.053320716259475806, 'X6': 0.03856579343836161, 'X0': 0.029711991455171696, 'X7': 0.015176605271480946, 'X9': 0.014044454167963774}
{'X5': 0.49319013593762767, 'X4': 0.15551428022484398, 'X8': 0.07347636800730274, 'X2': 0.0723415383229002, 'X1': 0.06815224913079707, 'X6': 0.04242327075200065, 'X3': 0.04108815095300974, 'X0': 0.02192847370049818, 'X9': 0.02089383639467166, 'X7': 0.010991696576348154}
{'X5': 0.4809607841608125, 'X4': 0.16506907012653815, 'X2': 0.08167715129049796, 'X1': 0.07369219346523931, 'X8': 0.06461560509535795, 'X3': 0.04410333595913778, 'X6': 0.03596645217377371, 'X0': 0.026654712230466802, 'X9': 0.015787724364072272, 'X7': 0.011472971134103737}
{'X5': 0.4834264185587488, 'X4': 0.13382231552742838, 'X8': 0.08614706474192839, 'X2': 0.08232157982224685, 'X1': 0.07850779015233182, 'X6': 0.04163870543930396, 'X3': 0.04063888806429196, 'X0': 0.029239393848930016, 'X7': 0.013100550822977433, 'X9': 0.011157293021812426}
{'X5': 0.4953833666500276, 'X4': 0.13531528426686967, 'X1': 0.09335867217258709, 'X2': 0.07139720376173929, 'X8': 0.05722288098160205, 'X3': 0.0489134964228407, 'X6': 0.04119607038034223, 'X0': 0.02718415622632624, 'X9': 0.016842557347234128, 'X7': 0.013186311790430914}
{'X5': 0.4904172916536744, 'X4': 0.14976127972229636, 'X1': 0.0885727760523839, 'X2': 0.0761356603641496, 'X8': 0.06835953982110493, 'X3': 0.04263336416675972, 'X6': 0.03758984295205515, 'X0': 0.021416931822285698, 'X9': 0.012768204749951315, 'X7': 0.012345108695338806}
{'X5': 0.47139070418219947, 'X4': 0.19835942841197965, 'X8': 0.0738091785976521, 'X2': 0.07374054377215263, 'X1': 0.07308708037701352, 'X3': 0.034297615038780746, 'X6': 0.03393544192214793, 'X9': 0.01812466220186735, 'X0': 0.012725118940863868, 'X7': 0.010530226555342708}
{'X5': 0.48112131423075255, 'X4': 0.1668646701154746, 'X1': 0.08118516082577297, 'X8': 0.07186293467418157, 'X2': 0.07155558992271237, 'X3': 0.044221048658417014, 'X6': 0.03473871270908824, 'X0': 0.02269265153683759, 'X9': 0.013606210271796843, 'X7': 0.012151707054966234}
{'X5': 0.47043723737149606, 'X4': 0.18625368655969637, 'X1': 0.081226520986147, 'X2': 0.06977108839683478, 'X8': 0.0693588911992892, 'X3': 0.03966374388797077, 'X6': 0.0351575347586943, 'X0': 0.022122913231129734, 'X7': 0.015303880332153045, 'X9': 0.01070450327658875}
{'X5': 0.4754134846475756, 'X4': 0.18292613067168925, 'X2': 0.07734139171031541, 'X1': 0.07471810986927893, 'X8': 0.06841886471271602, 'X3': 0.04238700949370131, 'X6': 0.028471682248477202, 'X0': 0.01976736603958551, 'X9': 0.01779262396707321, 'X7': 0.012763336639587466}
{'X5': 0.4787881009228933, 'X4': 0.1767028826701259, 'X1': 0.08274902967052365, 'X2': 0.07989706227370937, 'X8': 0.05993528714377555, 'X3': 0.044002007550744654, 'X6': 0.03903220845561757, 'X0': 0.01936343594123092, 'X7': 0.010416535110777768, 'X9': 0.009113450260601503}
{'X5': 0.4849918966953314, 'X4': 0.20261642869811639, 'X2': 0.07818154455281058, 'X1': 0.0761549955442743, 'X8': 0.0535647664195686, 'X3': 0.033340435206650476, 'X6': 0.030645880989943718, 'X0': 0.01710607997094909, 'X9': 0.012612703681577188, 'X7': 0.010785268240778256}
{'X5': 0.47852654898708563, 'X4': 0.2020088411533278, 'X1': 0.08344013750208774, 'X2': 0.07682375758296753, 'X8': 0.05585062788364513, 'X3': 0.03586414316835691, 'X6': 0.022103960509026476, 'X0': 0.016675979477986935, 'X9': 0.015727931305122043, 'X7': 0.012978072430393783}
