{'X9': 0.24430061757088023, 'X4': 0.13466672108009575, 'X6': 0.11235862435609612, 'X2': 0.08280182479537335, 'X1': 0.07986261596615743, 'X5': 0.07773855555861534, 'X3': 0.071780991347421, 'X7': 0.06932002364499568, 'X8': 0.06862651249482679, 'X0': 0.05854351318553828}
{'X9': 0.21120124293986925, 'X4': 0.19496541187932837, 'X6': 0.12552132522996892, 'X1': 0.07880541556469153, 'X5': 0.07538884768798165, 'X2': 0.0742479614795549, 'X0': 0.0664460563313305, 'X7': 0.060943990922499844, 'X8': 0.05815335757116434, 'X3': 0.05432639039361082}
{'X9': 0.25865637868412855, 'X4': 0.2000606823252225, 'X7': 0.08450950746913648, 'X1': 0.07205020091752129, 'X6': 0.07137043988445772, 'X3': 0.06735447949454657, 'X5': 0.06665224233925571, 'X0': 0.0660413547033604, 'X8': 0.05965127936424848, 'X2': 0.053653434818122375}
{'X9': 0.2249506283521009, 'X4': 0.16423847291442006, 'X6': 0.08878973847361203, 'X3': 0.08339451250499513, 'X2': 0.07910873949682126, 'X8': 0.07893786582998057, 'X5': 0.07303458628403764, 'X1': 0.07172806434662261, 'X0': 0.06950547391510402, 'X7': 0.06631191788230574}
{'X9': 0.21953424903692098, 'X4': 0.19223712048193708, 'X6': 0.09977856052166077, 'X3': 0.08346461869162049, 'X8': 0.0759557498681033, 'X7': 0.07410518939460334, 'X1': 0.07406921085844721, 'X2': 0.07067303655183942, 'X5': 0.06927777502435516, 'X0': 0.040904489570512285}
{'X9': 0.22566626663945213, 'X4': 0.17460505991555847, 'X6': 0.1325108090022952, 'X5': 0.08202320544882903, 'X3': 0.07299453570452877, 'X1': 0.07080084301298943, 'X8': 0.06845040393717819, 'X7': 0.06326843416305421, 'X0': 0.05507165091118855, 'X2': 0.05460879126492616}
{'X4': 0.22135519481478705, 'X9': 0.17710431775934582, 'X6': 0.1559829734061151, 'X3': 0.07948049160826369, 'X5': 0.075990599237641, 'X1': 0.06651501050384394, 'X0': 0.06619755266739123, 'X7': 0.0539997051487744, 'X8': 0.05220215320505788, 'X2': 0.051172001648779886}
{'X8': 0.2594258014671481, 'X6': 0.1665174329293934, 'X9': 0.15535161313958146, 'X4': 0.1420931956036576, 'X3': 0.058978791418090634, 'X1': 0.04866599961603711, 'X0': 0.045981238532293287, 'X2': 0.04563905854030633, 'X5': 0.04321480667192599, 'X7': 0.034132062081566265}
{'X8': 0.39588800284780923, 'X6': 0.1668659546322929, 'X4': 0.11926027474892939, 'X9': 0.09863889389940171, 'X3': 0.0444657980922456, 'X1': 0.03915512376820081, 'X2': 0.03583414792621758, 'X5': 0.034696884186934306, 'X7': 0.03288408382517574, 'X0': 0.032310836072792816}
{'X6': 0.2724722853310149, 'X8': 0.26559419247910754, 'X9': 0.15060120035784458, 'X4': 0.07602473616142125, 'X5': 0.053499987344898255, 'X3': 0.048542149989218034, 'X1': 0.0371906884578425, 'X7': 0.036594054338574544, 'X0': 0.03180145573122909, 'X2': 0.0276792498088494}
{'X6': 0.2982733302695396, 'X8': 0.23013105715259838, 'X9': 0.11234376018716173, 'X4': 0.08858216139444128, 'X5': 0.07518902274374294, 'X3': 0.05477364193622797, 'X2': 0.04315447270250494, 'X0': 0.033811686971004035, 'X1': 0.03267906888783562, 'X7': 0.031061797754943353}
{'X6': 0.44999654064525324, 'X8': 0.17120603237162557, 'X9': 0.09846908299500626, 'X4': 0.06854319216622061, 'X5': 0.0488008061944879, 'X3': 0.03864840092889904, 'X1': 0.03548482822186391, 'X7': 0.031177061080844146, 'X0': 0.029227551987760798, 'X2': 0.028446503408038424}
{'X6': 0.34555832112861684, 'X8': 0.17674805292324292, 'X5': 0.13032281445716298, 'X9': 0.08271218538208575, 'X4': 0.07737203823121046, 'X3': 0.04875984915054801, 'X7': 0.03647494862157289, 'X0': 0.036131508990656286, 'X2': 0.03314671477548713, 'X1': 0.032773566339417}
{'X6': 0.33873550861419527, 'X8': 0.20407979017956135, 'X9': 0.0997180695786194, 'X5': 0.07136480797250996, 'X4': 0.06984583302802697, 'X3': 0.047638440451589784, 'X2': 0.046567240512017875, 'X7': 0.04436730503079649, 'X1': 0.03979523009260445, 'X0': 0.03788777454007832}
{'X6': 0.3555060435279834, 'X8': 0.13065325477365508, 'X9': 0.11939185275519121, 'X4': 0.08009355873111126, 'X7': 0.06759734238866559, 'X5': 0.06685611980540682, 'X3': 0.06409884773681257, 'X0': 0.0605734198865838, 'X2': 0.029986191659069173, 'X1': 0.025243368735521184}
{'X6': 0.2783059551165912, 'X8': 0.20075431519217488, 'X4': 0.09338308894458462, 'X5': 0.09114512091202126, 'X9': 0.07125852082982216, 'X2': 0.06534964190107531, 'X0': 0.06039328001535181, 'X3': 0.060165288144882575, 'X1': 0.039987320371427035, 'X7': 0.039257468572069236}
{'X6': 0.2496029418880466, 'X8': 0.2402495346489212, 'X5': 0.11214633902746948, 'X4': 0.08409106775879424, 'X9': 0.07652264038446878, 'X0': 0.058197779516649006, 'X3': 0.05593308512434681, 'X2': 0.04445308086396363, 'X7': 0.043646397248936306, 'X1': 0.035157133538403974}
{'X6': 0.2619206537837658, 'X8': 0.2184205761383646, 'X4': 0.09656267482355878, 'X5': 0.08280473107314971, 'X9': 0.08011384042949041, 'X0': 0.0729027774488166, 'X3': 0.057949834842068906, 'X7': 0.04990015275701911, 'X1': 0.03978924822690541, 'X2': 0.03963551047686066}
{'X6': 0.3481907932073905, 'X8': 0.14333188123992463, 'X9': 0.0913153629466888, 'X4': 0.0853527341995085, 'X5': 0.07535725289903895, 'X0': 0.06124506308730979, 'X3': 0.0600084192408605, 'X7': 0.05157871261143024, 'X1': 0.05000704737526521, 'X2': 0.03361273319258285}
{'X6': 0.35264459029837336, 'X8': 0.134663561150424, 'X5': 0.10910809096255693, 'X9': 0.09703432630090301, 'X0': 0.07594316341991005, 'X4': 0.06641331873130117, 'X3': 0.05782669070810193, 'X1': 0.03875333007258262, 'X7': 0.03604541826682485, 'X2': 0.03156751008902197}
{'X6': 0.3689782693362893, 'X8': 0.14538079025312606, 'X0': 0.10395362322343643, 'X4': 0.07753432990097474, 'X5': 0.07719920588663551, 'X9': 0.06137925881380386, 'X3': 0.05775317017674946, 'X7': 0.04380593008203514, 'X2': 0.035043681629548136, 'X1': 0.02897174069740143}
{'X6': 0.3637986207146921, 'X8': 0.1323691547130043, 'X0': 0.1180669642606139, 'X5': 0.08840147842893648, 'X9': 0.0780350986608326, 'X4': 0.06039280104378259, 'X1': 0.04981449743993181, 'X3': 0.047060136892186764, 'X7': 0.0337008012120992, 'X2': 0.028360446633920334}
{'X6': 0.3759043064257306, 'X8': 0.12841138871474772, 'X0': 0.11244640657665314, 'X9': 0.07012073789546458, 'X5': 0.06984717967448369, 'X4': 0.06278934462052672, 'X1': 0.055374133588713355, 'X7': 0.05035762565570855, 'X3': 0.045388825530907936, 'X2': 0.029360051317063773}
{'X6': 0.3811751685107835, 'X8': 0.1462032843979041, 'X5': 0.07972506031861396, 'X0': 0.07820677712956213, 'X4': 0.07813088958155004, 'X9': 0.06290127188928081, 'X7': 0.050581491009310385, 'X1': 0.04891727040679954, 'X3': 0.042571894135689514, 'X2': 0.03158689262050594}
{'X6': 0.4043517510269212, 'X8': 0.10094503105147598, 'X0': 0.08450322968493738, 'X5': 0.08284119007746407, 'X9': 0.07351703795512853, 'X4': 0.06298747890306693, 'X1': 0.060285714853472755, 'X7': 0.048738758137993984, 'X3': 0.04353751970542867, 'X2': 0.038292288604110575}
{'X6': 0.40831434436951025, 'X8': 0.11734738815560933, 'X5': 0.09286660165116284, 'X9': 0.070829058224148, 'X0': 0.0663681912502587, 'X4': 0.06239282653339984, 'X7': 0.057989875222804396, 'X1': 0.0496313373832943, 'X3': 0.04676473137225844, 'X2': 0.027495645837553963}
{'X6': 0.4076246913758113, 'X5': 0.09787055638042144, 'X8': 0.09341455187220668, 'X9': 0.08055295506939922, 'X0': 0.06486903056022623, 'X4': 0.057940785837251076, 'X1': 0.05736926679931142, 'X3': 0.055455063716781265, 'X7': 0.048193340036329545, 'X2': 0.03670975835226177}
{'X6': 0.3888425745048868, 'X8': 0.12019409524038027, 'X1': 0.08627588718140697, 'X5': 0.08218069803206103, 'X9': 0.08201453443954465, 'X4': 0.05885556145619559, 'X0': 0.056758008551146044, 'X7': 0.05237424294925046, 'X3': 0.045805227825392224, 'X2': 0.02669916981973583}
{'X6': 0.401026050803425, 'X8': 0.11457891600993446, 'X5': 0.07768568499823128, 'X1': 0.07177751448003719, 'X9': 0.06809225554325977, 'X7': 0.06397754300671807, 'X4': 0.06251850449930693, 'X3': 0.061571267572547425, 'X0': 0.042440155932898946, 'X2': 0.03633210715364108}
{'X6': 0.4180755835363076, 'X5': 0.10037504143240893, 'X8': 0.08282183986599671, 'X9': 0.07647828204250999, 'X4': 0.0739053459226132, 'X1': 0.06872953427755112, 'X7': 0.05613635110413707, 'X3': 0.050021145553539814, 'X2': 0.036907049834442054, 'X0': 0.03654982643049363}
{'X6': 0.4035156753792708, 'X8': 0.08884567341790686, 'X1': 0.08375136492008983, 'X5': 0.07838169845927724, 'X3': 0.077826980138001, 'X9': 0.07535489146848956, 'X4': 0.06527825709042342, 'X7': 0.056545307204371245, 'X0': 0.03828871887664931, 'X2': 0.03221143304552083}
{'X6': 0.384166507173209, 'X8': 0.08770310233232824, 'X9': 0.08625302042538507, 'X5': 0.08062392330279694, 'X1': 0.07921918822749324, 'X7': 0.07400096377219469, 'X3': 0.07143784436547689, 'X4': 0.06250602613878646, 'X0': 0.037570599066219484, 'X2': 0.0365188251961101}
{'X6': 0.39617940868278934, 'X9': 0.09924762794787854, 'X8': 0.08315100980105353, 'X7': 0.08068701129370293, 'X4': 0.07849150174343945, 'X1': 0.06978451383814113, 'X5': 0.06557322795714753, 'X0': 0.04726306387684773, 'X3': 0.04706453872999493, 'X2': 0.03255809612900495}
{'X6': 0.4077482850418078, 'X1': 0.09569759608296448, 'X9': 0.09463444459017732, 'X8': 0.07341923994526035, 'X3': 0.06889693393974074, 'X4': 0.06342040488502894, 'X5': 0.053612066971980225, 'X0': 0.05350930557812933, 'X2': 0.05089272236529467, 'X7': 0.03816900059961598}
{'X6': 0.4136955121596253, 'X1': 0.09627042608246004, 'X9': 0.0794589179424416, 'X4': 0.07730642091508448, 'X8': 0.06591250967854749, 'X5': 0.0639337188501289, 'X2': 0.06242516865760398, 'X7': 0.055293392607841434, 'X0': 0.04341798647280006, 'X3': 0.042285946633466735}
{'X6': 0.40899537383968865, 'X1': 0.10633973010784215, 'X4': 0.09119688906174488, 'X8': 0.08024650089767126, 'X9': 0.0671286112436422, 'X3': 0.05802222708661359, 'X5': 0.05685326677464621, 'X0': 0.051705568841826206, 'X2': 0.04250310600912658, 'X7': 0.037008726137198265}
{'X6': 0.4212322945212794, 'X1': 0.0966275737731571, 'X4': 0.08520341467675906, 'X3': 0.06878978896725375, 'X8': 0.0671465884376799, 'X9': 0.0664804226571899, 'X5': 0.0654625392692205, 'X0': 0.04495661423327836, 'X2': 0.04265804816119797, 'X7': 0.04144271530298409}
{'X6': 0.41992681874913634, 'X1': 0.1158243005937409, 'X9': 0.08110277944289324, 'X4': 0.08103931437600677, 'X3': 0.06352478197917685, 'X2': 0.05749455108460065, 'X5': 0.05101612953533188, 'X8': 0.04408104601449383, 'X0': 0.043231695683060865, 'X7': 0.04275858254155876}
{'X6': 0.41757540661776055, 'X9': 0.09466960161845563, 'X1': 0.08945514907689979, 'X4': 0.08694914396017785, 'X0': 0.06488158633370616, 'X5': 0.06085896718144919, 'X3': 0.058360549070397, 'X8': 0.05360011616479175, 'X2': 0.042679286000362915, 'X7': 0.030970193975999146}
{'X6': 0.3574524384342779, 'X9': 0.18809780801573425, 'X1': 0.08823270300968522, 'X4': 0.0701982011497104, 'X2': 0.06075744673849319, 'X0': 0.05665577380480796, 'X3': 0.05321210703648222, 'X5': 0.04807758148249994, 'X7': 0.03871121508682299, 'X8': 0.03860472524148594}
{'X6': 0.35563630816334185, 'X9': 0.11649315789046098, 'X4': 0.10648385060319009, 'X0': 0.08391791182665496, 'X1': 0.0715467087111429, 'X3': 0.06620200488031587, 'X5': 0.054910817924215316, 'X8': 0.05331881137763781, 'X2': 0.04667338596883261, 'X7': 0.04481704265420756}
{'X6': 0.35440304319297716, 'X9': 0.126982051855845, 'X4': 0.11582455667034094, 'X3': 0.0739237756112572, 'X0': 0.06842762619812226, 'X2': 0.06326125567944574, 'X1': 0.058266967693660326, 'X7': 0.05512290250621075, 'X5': 0.0465623140907522, 'X8': 0.03722550650138829}
{'X6': 0.3721573294624376, 'X4': 0.13798239629206055, 'X1': 0.07901750117200236, 'X5': 0.07679368878073677, 'X9': 0.07178703348807597, 'X0': 0.07056347932266016, 'X7': 0.05838506845627964, 'X3': 0.04745671604955994, 'X2': 0.04557496318213837, 'X8': 0.04028182379404877}
{'X6': 0.3772189235806019, 'X9': 0.09167192640944169, 'X3': 0.08506995728716608, 'X4': 0.08374133201403904, 'X0': 0.08026601830693249, 'X1': 0.06998719413455445, 'X2': 0.06487747350829708, 'X5': 0.06224226972393487, 'X7': 0.05515053619763289, 'X8': 0.029774368837399548}
{'X6': 0.3679226403328557, 'X0': 0.09843915771259021, 'X4': 0.09736077768528448, 'X9': 0.09101586878926264, 'X2': 0.08189704616847111, 'X3': 0.07523290408114357, 'X1': 0.059612759619650776, 'X5': 0.052262421454185234, 'X7': 0.039021201194602596, 'X8': 0.037235222961953716}
{'X6': 0.3725838128414232, 'X4': 0.13035954907527994, 'X0': 0.08994789015700573, 'X9': 0.08839973194862198, 'X3': 0.06683766642890997, 'X1': 0.06530267868446968, 'X7': 0.05434573728993387, 'X5': 0.04936592907153382, 'X8': 0.04406835851055749, 'X2': 0.03878864599226444}
{'X6': 0.3603263923795427, 'X4': 0.10257816032130039, 'X9': 0.09660738213405735, 'X1': 0.08318078883864237, 'X2': 0.07556462293914501, 'X0': 0.07529986522693298, 'X5': 0.06912234383288764, 'X3': 0.0602366559286088, 'X7': 0.04145803933183296, 'X8': 0.03562574906704973}
{'X6': 0.37087211427604366, 'X4': 0.10319948246040042, 'X9': 0.09248077982251275, 'X3': 0.07297085386815581, 'X1': 0.07120260660756138, 'X5': 0.06785913652501878, 'X0': 0.06736750885977065, 'X2': 0.06188095911401397, 'X8': 0.04667910173266574, 'X7': 0.04548745673385686}
{'X6': 0.3639271093955637, 'X4': 0.1108906801101911, 'X9': 0.09743340695084034, 'X3': 0.08625699217917633, 'X0': 0.07430781023981972, 'X1': 0.07293337371468747, 'X8': 0.06089315769620123, 'X2': 0.05681710106822997, 'X5': 0.04479231295687028, 'X7': 0.03174805568841995}
{'X6': 0.3479497642464583, 'X4': 0.10991209747696791, 'X3': 0.10763881445269423, 'X9': 0.0902618504866423, 'X8': 0.07759081877956787, 'X0': 0.07277122136543993, 'X1': 0.07220398548803128, 'X2': 0.04348307500445633, 'X5': 0.040849085903589655, 'X7': 0.03733928679615225}
{'X6': 0.34744412781745415, 'X3': 0.11918491149414788, 'X9': 0.11130788330904123, 'X4': 0.09497973187746155, 'X8': 0.07260285569755041, 'X1': 0.06567265519220139, 'X0': 0.06458963302076877, 'X5': 0.048011080874721175, 'X7': 0.04040619271941814, 'X2': 0.03580092799723532}
{'X6': 0.3630920042743467, 'X3': 0.10666464176896749, 'X9': 0.09889980888658918, 'X0': 0.09640280214283098, 'X4': 0.07753134934954872, 'X1': 0.07330281077488145, 'X8': 0.06694335186073103, 'X5': 0.043651686339750514, 'X2': 0.03913931597490944, 'X7': 0.03437222862744452}
{'X6': 0.36769403669172834, 'X9': 0.10647606270129169, 'X3': 0.09686026286282157, 'X4': 0.08953792233461869, 'X0': 0.08354521719460832, 'X1': 0.07360190600230249, 'X8': 0.05187548625787541, 'X2': 0.04782652705718257, 'X5': 0.047496250750061995, 'X7': 0.035086328147508936}
{'X6': 0.35886499483996914, 'X9': 0.1034988008351054, 'X3': 0.09507768871978145, 'X1': 0.0913956890632994, 'X0': 0.08197618830305406, 'X4': 0.08060043601544825, 'X8': 0.056982862590694114, 'X5': 0.052313817740869226, 'X2': 0.04639372829750941, 'X7': 0.03289579359426967}
{'X6': 0.36989499992022806, 'X9': 0.10193078799378001, 'X0': 0.1007273432657778, 'X1': 0.08801790859080477, 'X4': 0.08734278074287856, 'X3': 0.07875807467420717, 'X2': 0.05329230501213161, 'X8': 0.048633493929791195, 'X5': 0.04124215504337885, 'X7': 0.030160150827021878}
{'X6': 0.38141702894322116, 'X9': 0.09991264320244561, 'X4': 0.09645804161913964, 'X3': 0.09338488288050945, 'X1': 0.09117422658956734, 'X0': 0.08852592988269459, 'X8': 0.04079709192854447, 'X7': 0.03857612699279147, 'X2': 0.035797101888069144, 'X5': 0.03395692607301723}
{'X6': 0.3730213293980414, 'X3': 0.10818907341698458, 'X4': 0.10476460363260681, 'X0': 0.10089770203774513, 'X1': 0.08803496149606425, 'X9': 0.06938601817370076, 'X8': 0.055263734860725555, 'X2': 0.04459087695343714, 'X5': 0.031348215756094464, 'X7': 0.024503484274599963}
{'X6': 0.35588228663901483, 'X4': 0.12638070905454113, 'X3': 0.10771139688915313, 'X0': 0.09574184505914421, 'X8': 0.07542689543366722, 'X1': 0.07522429485282899, 'X9': 0.07397069681326632, 'X2': 0.035741985515932204, 'X5': 0.03282111923487135, 'X7': 0.02109877050758068}
{'X6': 0.35941784676035415, 'X0': 0.11799013618864602, 'X3': 0.10374414307241198, 'X1': 0.09706958620693604, 'X4': 0.0953414859247834, 'X9': 0.07203251525363727, 'X8': 0.056738136173803945, 'X2': 0.039595547966789504, 'X7': 0.03365958014397172, 'X5': 0.02441102230866596}
{'X6': 0.3694620044613288, 'X0': 0.13040834625193842, 'X4': 0.10486379446313966, 'X9': 0.09513343779740838, 'X3': 0.08925657788545105, 'X1': 0.06406356170113318, 'X8': 0.05205432281666349, 'X5': 0.04154559269217878, 'X2': 0.02836711928101015, 'X7': 0.02484524264974819}
{'X6': 0.35755283140410526, 'X0': 0.13359566647570464, 'X4': 0.11199469568665721, 'X3': 0.1002623206860693, 'X1': 0.07409700161624741, 'X9': 0.06724131567731327, 'X8': 0.06459132193260228, 'X5': 0.03279111168050564, 'X2': 0.03184434944526442, 'X7': 0.02602938539553068}
{'X6': 0.35400610267885163, 'X0': 0.1448261928292625, 'X3': 0.10426179732005121, 'X4': 0.10268801533429774, 'X9': 0.08438951278374479, 'X1': 0.07549255732118472, 'X8': 0.047217114457075285, 'X5': 0.03358762128095059, 'X7': 0.027646627183247414, 'X2': 0.0258844588113342}
{'X6': 0.3586898931477776, 'X0': 0.1436839082983753, 'X3': 0.10006944451412772, 'X4': 0.09854742557812313, 'X1': 0.0837215133037224, 'X8': 0.06320613353073486, 'X9': 0.06197191059773123, 'X5': 0.03205973146533934, 'X2': 0.03172626463426421, 'X7': 0.026323774929804207}
{'X6': 0.3653856535206272, 'X0': 0.14088842729712472, 'X4': 0.10451259604159881, 'X3': 0.1023209305645684, 'X1': 0.08392819294071212, 'X9': 0.0667607103608622, 'X8': 0.049779887262323755, 'X2': 0.03187668974302076, 'X7': 0.028089585772053723, 'X5': 0.02645732649710833}
{'X6': 0.3627604951093424, 'X0': 0.15001384492915953, 'X4': 0.10413275801153374, 'X3': 0.09291449799756707, 'X8': 0.07040307736578373, 'X9': 0.06680319470844749, 'X1': 0.0658501728150512, 'X5': 0.0385279154396282, 'X2': 0.02445662538162482, 'X7': 0.024137418241861764}
{'X6': 0.36955582629390793, 'X0': 0.16098736070718556, 'X3': 0.11937361430055415, 'X4': 0.11335728678364342, 'X1': 0.06540672038592305, 'X8': 0.06023720748812018, 'X9': 0.042510678470355195, 'X5': 0.0313428733372657, 'X2': 0.022365578136565818, 'X7': 0.014862854096479116}
{'X6': 0.37666534393369117, 'X0': 0.15698966840506445, 'X4': 0.11724759820298578, 'X3': 0.1102363515825747, 'X1': 0.05892663298808705, 'X9': 0.054080160572838924, 'X8': 0.052205532528196784, 'X5': 0.030886434015194527, 'X2': 0.026142593654775725, 'X7': 0.016619684116590667}
{'X6': 0.35755024202707025, 'X0': 0.18206202807702102, 'X4': 0.10940934852393988, 'X3': 0.10555084087767008, 'X8': 0.0756934301305655, 'X9': 0.04930049942176799, 'X1': 0.048134318715690884, 'X5': 0.03051399367117692, 'X2': 0.021031210959718674, 'X7': 0.02075408759537883}
{'X6': 0.37950571192426125, 'X0': 0.1924994411493006, 'X4': 0.12833403514233396, 'X3': 0.0875241896429845, 'X1': 0.05324499508173934, 'X8': 0.049292664397345434, 'X9': 0.03940142595789224, 'X5': 0.029596315502568697, 'X2': 0.021812125923438463, 'X7': 0.018789095278135527}
{'X6': 0.4000955421198732, 'X0': 0.16691940836893762, 'X4': 0.11285499871713403, 'X3': 0.09335016876445426, 'X8': 0.06028079342885291, 'X1': 0.05893314881297456, 'X9': 0.03576287249768278, 'X5': 0.03461286457979017, 'X2': 0.019620744496679762, 'X7': 0.017569458213620704}
{'X6': 0.43081305888674615, 'X0': 0.16800626145027672, 'X4': 0.1092481997430344, 'X3': 0.09296047318258482, 'X1': 0.054647275773253054, 'X8': 0.03853341968302678, 'X9': 0.03431554952000305, 'X5': 0.025343962740383336, 'X2': 0.023423519875470217, 'X7': 0.022708279145221492}
{'X6': 0.4281778852886097, 'X0': 0.15053035722624664, 'X4': 0.1264910665027902, 'X3': 0.08579435309262669, 'X1': 0.052009293308670816, 'X8': 0.043789221712020134, 'X5': 0.03817849970541386, 'X9': 0.035512245356915106, 'X2': 0.025965662820862417, 'X7': 0.01355141498584441}
{'X6': 0.4001227621160946, 'X0': 0.1673057627777963, 'X4': 0.1118781786186766, 'X3': 0.10775505022084018, 'X1': 0.06065705658990974, 'X8': 0.04977791584433103, 'X9': 0.032262621507851315, 'X7': 0.02446080133555579, 'X2': 0.023378215882467565, 'X5': 0.02240163510647699}
{'X6': 0.4148882317370748, 'X0': 0.17291388545103675, 'X4': 0.11844012932854962, 'X3': 0.09939806038142032, 'X1': 0.05595761217584941, 'X8': 0.04734803685048883, 'X9': 0.03642784517614711, 'X2': 0.02021259861634729, 'X5': 0.01902972147399506, 'X7': 0.015383878809090814}
{'X6': 0.3969595415454647, 'X0': 0.15651205221379388, 'X4': 0.12322575037682015, 'X3': 0.10822463557121871, 'X1': 0.06946754349437821, 'X8': 0.05147620803471277, 'X9': 0.03578000954155819, 'X5': 0.02257818057144717, 'X7': 0.01942173647609072, 'X2': 0.01635434217451567}
{'X6': 0.39056249737785675, 'X0': 0.13736233815478407, 'X4': 0.13731564907662025, 'X3': 0.0895850511277344, 'X8': 0.08078946813367974, 'X1': 0.06877030953006864, 'X9': 0.033137681049006586, 'X2': 0.025037493928635732, 'X5': 0.020820716077182565, 'X7': 0.01661879554443132}
{'X6': 0.3919847173247664, 'X0': 0.14086726246304182, 'X4': 0.13439263555689107, 'X3': 0.08999163088887792, 'X1': 0.07786872957857961, 'X8': 0.06514883188421733, 'X9': 0.035340815209634606, 'X2': 0.023537757895337758, 'X7': 0.021940127320909178, 'X5': 0.018927491877744368}
{'X6': 0.38390803196861434, 'X0': 0.14913068030395965, 'X4': 0.12868993164843284, 'X3': 0.102277439017545, 'X1': 0.0663585586355571, 'X8': 0.061671872395484224, 'X5': 0.034232474378000484, 'X2': 0.029204317429644945, 'X9': 0.028898519076119705, 'X7': 0.015628175146641606}
{'X6': 0.40385085261541837, 'X0': 0.13288369335454184, 'X4': 0.1241798189953602, 'X3': 0.09514390598323913, 'X1': 0.0800854145538401, 'X8': 0.05900816917125934, 'X9': 0.03268590487177457, 'X5': 0.031939599824627504, 'X7': 0.022463220428821522, 'X2': 0.01775942020111752}
{'X6': 0.408619475612427, 'X0': 0.1286030498681117, 'X4': 0.09639217288323801, 'X3': 0.09561885648928518, 'X1': 0.08883397039565968, 'X8': 0.06941000928725584, 'X2': 0.03471727678976715, 'X5': 0.031093552778585255, 'X9': 0.030835428327222726, 'X7': 0.015876207568447466}
{'X6': 0.4131473124036561, 'X0': 0.12571876150825873, 'X4': 0.11727008554796034, 'X3': 0.10305793085074919, 'X1': 0.08527335687797592, 'X8': 0.046385781943438446, 'X2': 0.030057446296250675, 'X9': 0.029795946049286256, 'X5': 0.028373340868791036, 'X7': 0.020920037653633407}
{'X6': 0.3948101649773108, 'X0': 0.13680310936138582, 'X3': 0.10464018423939755, 'X4': 0.104314423203496, 'X8': 0.09962741671749578, 'X1': 0.06528306939800813, 'X9': 0.03463361874428527, 'X5': 0.028099933045052868, 'X7': 0.01672642038434749, 'X2': 0.015061659929220404}
{'X6': 0.41107520069812364, 'X0': 0.1138391271189973, 'X4': 0.11006716306755256, 'X3': 0.10762984539782715, 'X1': 0.08299706530853895, 'X8': 0.07821062360671384, 'X9': 0.03142409012000281, 'X2': 0.026596102691347382, 'X5': 0.024720781759499717, 'X7': 0.013440000231396534}
{'X6': 0.41863347497188713, 'X0': 0.1340681563489982, 'X4': 0.11984912731728334, 'X3': 0.10183664011497301, 'X1': 0.08376509031775047, 'X8': 0.06122249660192563, 'X9': 0.026988468814261445, 'X2': 0.022749180775502042, 'X5': 0.021955385063922125, 'X7': 0.008931979673496744}
{'X6': 0.42337046594817734, 'X0': 0.13266059790105983, 'X4': 0.10914539356731655, 'X3': 0.0985188236493408, 'X1': 0.08511786924755801, 'X8': 0.05760126239179402, 'X9': 0.030044118490089287, 'X5': 0.027940904580292164, 'X2': 0.019927937199755424, 'X7': 0.015672627024616716}
{'X6': 0.40733674597378605, 'X0': 0.12554905088262563, 'X3': 0.11816932323422738, 'X4': 0.11519544435037163, 'X1': 0.09048615240243887, 'X8': 0.05942671323341207, 'X2': 0.023270938668276352, 'X9': 0.023017316141678037, 'X5': 0.022889540340493487, 'X7': 0.014658774772690555}
{'X6': 0.39710113466431757, 'X3': 0.12613940311791888, 'X0': 0.12159232377368465, 'X4': 0.11447086534249291, 'X8': 0.08494500307684974, 'X1': 0.07934405462384328, 'X9': 0.0251555984209243, 'X5': 0.020274156126988116, 'X2': 0.01793981287371518, 'X7': 0.013037647979265385}
{'X6': 0.4337561969550077, 'X0': 0.12162179177016923, 'X4': 0.1109109035759532, 'X3': 0.10887080384436122, 'X1': 0.09481204729088474, 'X8': 0.04130830723390304, 'X5': 0.033718615904186455, 'X9': 0.023104550821420548, 'X2': 0.020128028698237006, 'X7': 0.011768753905876835}
{'X6': 0.4543954651516208, 'X4': 0.12377147389873064, 'X0': 0.1209217015774444, 'X3': 0.10091801942984115, 'X1': 0.08229086966825225, 'X8': 0.04286534897629727, 'X5': 0.023557250800141444, 'X9': 0.022779297245975428, 'X7': 0.016548474468123114, 'X2': 0.011952098783573605}
{'X6': 0.4481254998818893, 'X0': 0.13542359032686468, 'X3': 0.1149236659168661, 'X4': 0.09901839326510552, 'X1': 0.0788410398799559, 'X8': 0.05985568067719503, 'X9': 0.02019628181538104, 'X2': 0.017398931587775397, 'X7': 0.013204300215912132, 'X5': 0.01301261643305493}
{'X6': 0.44950862636161876, 'X3': 0.12637931761930465, 'X0': 0.12225541072766036, 'X4': 0.1034129946050081, 'X1': 0.07037288831915844, 'X8': 0.05949851876407575, 'X9': 0.021493402447492902, 'X5': 0.01756570381324157, 'X2': 0.016381664586836025, 'X7': 0.013131472755603545}
{'X6': 0.430063922317746, 'X0': 0.15152054867053413, 'X3': 0.11833026641520052, 'X4': 0.11207323442242596, 'X1': 0.07856289296876907, 'X8': 0.039124872035942136, 'X9': 0.021848164962447285, 'X2': 0.01927637834718346, 'X7': 0.014693328942947686, 'X5': 0.014506390916803804}
{'X6': 0.42886200467547625, 'X0': 0.14578797638000648, 'X4': 0.12443562268829716, 'X3': 0.09915672811101911, 'X1': 0.08606699652726316, 'X8': 0.04241232398991839, 'X5': 0.026825268891704706, 'X9': 0.024018585085580656, 'X2': 0.013057270417735132, 'X7': 0.009377223232998864}
{'X6': 0.4217632550085751, 'X0': 0.13196476155300177, 'X4': 0.1207602714588399, 'X3': 0.11891125486592109, 'X1': 0.07835975914347491, 'X8': 0.07112962054729434, 'X9': 0.016882654101679526, 'X5': 0.01366795732955783, 'X2': 0.0135821336761485, 'X7': 0.012978332315507072}
{'X6': 0.3974543468999552, 'X0': 0.1558282656115701, 'X4': 0.11196321767978479, 'X3': 0.10243770755415647, 'X1': 0.08408529072833788, 'X8': 0.07106617032882535, 'X9': 0.027100899206269867, 'X5': 0.024165925961883706, 'X2': 0.016176667994770095, 'X7': 0.00972150803444658}
{'X6': 0.42812102495155036, 'X0': 0.14559350000743193, 'X4': 0.11704829530778571, 'X3': 0.09947873865334866, 'X1': 0.07278378462647143, 'X8': 0.07002627050703653, 'X9': 0.024758003011416046, 'X5': 0.018590898021616162, 'X2': 0.013941293691469514, 'X7': 0.009658191221873743}
{'X6': 0.4224177280494818, 'X0': 0.13091212260705615, 'X4': 0.12238471629347075, 'X3': 0.09509420366722048, 'X8': 0.08228262145375075, 'X1': 0.08070306055969759, 'X9': 0.02376678361234485, 'X5': 0.016991893495508312, 'X2': 0.015780726278166846, 'X7': 0.009666143983302473}
{'X6': 0.44162078127012677, 'X0': 0.12743915167473455, 'X4': 0.11402572822526379, 'X3': 0.11185932079898103, 'X1': 0.08050003634518169, 'X8': 0.061066230164745015, 'X5': 0.019657212586240026, 'X9': 0.017559053980438086, 'X2': 0.014176822804662804, 'X7': 0.01209566214962626}
{'X6': 0.45341915821989875, 'X0': 0.1184827242283077, 'X4': 0.10668157129314793, 'X3': 0.09589278214508715, 'X1': 0.08592609715150241, 'X8': 0.06217611330275511, 'X5': 0.025146729804671822, 'X9': 0.02432752512646111, 'X2': 0.018002430835090445, 'X7': 0.009944867893077664}
{'X6': 0.4290876922366769, 'X0': 0.13970009557822174, 'X3': 0.10068369085009024, 'X1': 0.09947231454285105, 'X4': 0.09907950210679428, 'X8': 0.05868819009964206, 'X2': 0.024608611979077516, 'X9': 0.020574315544736106, 'X5': 0.01712057091153999, 'X7': 0.01098501615037008}
