{'X9': 0.22214297846013523, 'X4': 0.15219558211959805, 'X1': 0.10229175056914903, 'X3': 0.09479632921647807, 'X6': 0.09296198774768574, 'X7': 0.08798823184355054, 'X0': 0.07500494922116296, 'X5': 0.05808554374561279, 'X2': 0.0573058320758782, 'X8': 0.05722681500074949}
{'X9': 0.20231654097051982, 'X4': 0.12927934518327489, 'X3': 0.10982602873556556, 'X6': 0.10006210705002595, 'X1': 0.08800391170662443, 'X8': 0.08168787233419758, 'X0': 0.07693901875166542, 'X7': 0.07460071687557497, 'X5': 0.07422941301290378, 'X2': 0.06305504537964757}
{'X9': 0.19603228512644386, 'X4': 0.1307783265789977, 'X0': 0.11767715522838904, 'X1': 0.10426523902293168, 'X3': 0.1011102493229685, 'X6': 0.08866362203371826, 'X7': 0.07067005239641952, 'X5': 0.06852940645165387, 'X2': 0.06673818708543569, 'X8': 0.055535476753041914}
{'X8': 0.1873525290349961, 'X4': 0.16473163059608129, 'X9': 0.1591387858446975, 'X0': 0.09001006652591728, 'X3': 0.0850385885809397, 'X2': 0.07963431097954393, 'X5': 0.06314202580480012, 'X1': 0.06218642528961596, 'X6': 0.06163811134295449, 'X7': 0.04712752600045359}
{'X8': 0.1737104978471145, 'X9': 0.16684350489524563, 'X4': 0.12710307998158857, 'X3': 0.10933967100225034, 'X0': 0.09462439263525599, 'X6': 0.07849941507476159, 'X1': 0.0719094265231378, 'X7': 0.07157260396821094, 'X5': 0.06147993866130981, 'X2': 0.04491746941112481}
{'X9': 0.20141410269249596, 'X8': 0.19929299912847434, 'X4': 0.13167795972475174, 'X0': 0.09471797762960593, 'X3': 0.08974767250662681, 'X6': 0.06397633125373686, 'X5': 0.05933448576807982, 'X7': 0.05455549985303108, 'X1': 0.05333335647386925, 'X2': 0.05194961496932824}
{'X8': 0.22296876594972034, 'X9': 0.1747326254722492, 'X4': 0.1186661077711661, 'X1': 0.07939194612612517, 'X2': 0.0748696565075852, 'X3': 0.07315844829552305, 'X0': 0.07023573215516707, 'X6': 0.0668089028470817, 'X7': 0.0636754406581932, 'X5': 0.055492374217188896}
{'X9': 0.20840385815954368, 'X8': 0.1849393991265238, 'X4': 0.10416459692465906, 'X3': 0.08823703342538193, 'X0': 0.08084565810797267, 'X6': 0.07578733884692467, 'X7': 0.06805232012130642, 'X1': 0.06564547195168574, 'X2': 0.0651041612973083, 'X5': 0.058820162038693814}
{'X8': 0.2080467189563195, 'X9': 0.17217441159726768, 'X4': 0.1212298654973122, 'X3': 0.08688174593561998, 'X1': 0.07797461873085791, 'X2': 0.06992370679763274, 'X0': 0.06780324439001566, 'X5': 0.06657570472610554, 'X7': 0.06475513789460968, 'X6': 0.06463484547425906}
{'X9': 0.18051649783869284, 'X8': 0.17466664484933492, 'X4': 0.13642875392093498, 'X3': 0.10437116819472023, 'X0': 0.08864368839508753, 'X6': 0.07254457453690015, 'X2': 0.07137122443998173, 'X7': 0.06948872107869822, 'X1': 0.052215018459692536, 'X5': 0.049753708285956925}
{'X8': 0.20826153903002503, 'X4': 0.19456819153578056, 'X9': 0.1558447630290263, 'X0': 0.0837298985034643, 'X3': 0.07858870460597388, 'X2': 0.06880403699851474, 'X1': 0.06121590375071929, 'X6': 0.056153910590655255, 'X5': 0.051060361226212166, 'X7': 0.041772690729628435}
{'X4': 0.22652606710977544, 'X8': 0.17051063597679258, 'X9': 0.1372910767212904, 'X3': 0.08822764556725954, 'X0': 0.08451523113952922, 'X2': 0.07702728233760457, 'X6': 0.06463346407383472, 'X5': 0.05819640746064783, 'X1': 0.0508570831986889, 'X7': 0.04221510641457692}
{'X8': 0.21683418387470976, 'X4': 0.20447889909913194, 'X9': 0.09965557417198155, 'X3': 0.08324353527664322, 'X0': 0.08017486214394619, 'X6': 0.07481603648803684, 'X5': 0.06775917851886151, 'X1': 0.06706555024622517, 'X2': 0.06267382402452655, 'X7': 0.04329835615593737}
{'X8': 0.2600620096410079, 'X4': 0.20307981692705238, 'X9': 0.1064890095008798, 'X3': 0.09435163877118315, 'X5': 0.08264756463187077, 'X0': 0.07360562678536155, 'X6': 0.06013156989060797, 'X2': 0.04525301354217019, 'X1': 0.0412610610856847, 'X7': 0.03311868922418154}
{'X8': 0.24454853634396298, 'X4': 0.1967400541604053, 'X9': 0.13020872226183555, 'X3': 0.11434822586087567, 'X0': 0.07045292388434939, 'X5': 0.0655787410875312, 'X6': 0.06037224763733556, 'X2': 0.04662487509974595, 'X1': 0.03887225193479677, 'X7': 0.032253421729161534}
{'X8': 0.2830625064542145, 'X4': 0.21831853184142147, 'X9': 0.11922843378585897, 'X3': 0.09352370183716069, 'X5': 0.0665199656295693, 'X2': 0.05480271758344728, 'X6': 0.05204466997198642, 'X0': 0.044933579614106864, 'X1': 0.035946669533594176, 'X7': 0.031619223748640325}
{'X8': 0.2630959963100402, 'X4': 0.2101962434487772, 'X9': 0.12094531859367398, 'X3': 0.08708221263508864, 'X5': 0.07179204237254444, 'X6': 0.05840211753657479, 'X2': 0.05727629513541722, 'X0': 0.0561629226815115, 'X1': 0.039111789348806374, 'X7': 0.03593506193756563}
{'X8': 0.34413807433895044, 'X4': 0.1742267204353877, 'X9': 0.1133189524608092, 'X3': 0.09629446261224339, 'X6': 0.06619034131503232, 'X2': 0.05138679964878984, 'X0': 0.044941562624980474, 'X5': 0.039153223034326834, 'X1': 0.03871993584859132, 'X7': 0.031629927680888514}
{'X8': 0.37099782198455167, 'X4': 0.18805811208621082, 'X9': 0.10130879407867878, 'X6': 0.0761049421565025, 'X3': 0.06509302132903788, 'X0': 0.06107024576273268, 'X5': 0.042934307986244126, 'X2': 0.038250961958507225, 'X7': 0.03231063848605807, 'X1': 0.023871154171476342}
{'X8': 0.2967729940203614, 'X4': 0.220983263077174, 'X9': 0.11171206913442353, 'X3': 0.08950330042104801, 'X6': 0.06931938589086137, 'X2': 0.05805064966615174, 'X5': 0.046043419234956445, 'X0': 0.0451883597560325, 'X1': 0.03132138718346586, 'X7': 0.031105171615525194}
{'X8': 0.3767664864303595, 'X4': 0.1763174821970667, 'X3': 0.11174912074989193, 'X9': 0.07988283087131327, 'X6': 0.06123998143910343, 'X2': 0.05762696244373563, 'X0': 0.04584262132641433, 'X5': 0.03325906970729265, 'X7': 0.029775466009281035, 'X1': 0.027539978825541683}
{'X8': 0.5253884825597951, 'X4': 0.1012573230404577, 'X6': 0.08148294007741644, 'X3': 0.06990359993909982, 'X9': 0.0530588219715092, 'X2': 0.039830741531597956, 'X7': 0.0393193863788364, 'X0': 0.03843390775384972, 'X5': 0.03142840240589796, 'X1': 0.019896394341539825}
{'X8': 0.47192793697249924, 'X4': 0.1279971442106229, 'X3': 0.09260457449550442, 'X6': 0.08150835493789062, 'X9': 0.06979565799532184, 'X0': 0.03778630399220451, 'X2': 0.03740764472222449, 'X5': 0.03729557570780368, 'X7': 0.023984917538941088, 'X1': 0.019691889426987238}
{'X8': 0.5675720114454252, 'X4': 0.10801825466636164, 'X6': 0.08360097888908571, 'X3': 0.07532804932059885, 'X9': 0.06056356417869949, 'X7': 0.023702625621873707, 'X0': 0.02219646502107576, 'X2': 0.021773115647378955, 'X5': 0.02147561025370672, 'X1': 0.015769324955793928}
{'X8': 0.5975441029222814, 'X6': 0.10781437886716257, 'X4': 0.08124064598408048, 'X3': 0.060502444633590356, 'X9': 0.050227424796666725, 'X1': 0.024626312867676154, 'X0': 0.023597485958742098, 'X7': 0.020910586978101862, 'X5': 0.019144470344607763, 'X2': 0.014392146647090633}
{'X8': 0.5527631983514439, 'X6': 0.14430411634578752, 'X4': 0.07643872594298019, 'X3': 0.05623579614935292, 'X9': 0.05323187666246315, 'X5': 0.030040208289949622, 'X0': 0.029515818875536327, 'X7': 0.021350021818329946, 'X2': 0.020671550713913765, 'X1': 0.015448686850242538}
{'X8': 0.43425601166892946, 'X6': 0.21008415576906747, 'X4': 0.08608314122445021, 'X3': 0.08084414841755577, 'X9': 0.05968501531235344, 'X7': 0.03790822206838289, 'X0': 0.03233901130567954, 'X5': 0.02657359007278187, 'X2': 0.01855637808439568, 'X1': 0.01367032607640363}
{'X8': 0.4664854510471048, 'X6': 0.13750248527131592, 'X4': 0.09555389709548097, 'X3': 0.07746103714703097, 'X9': 0.05825046301069805, 'X2': 0.05363730749288016, 'X5': 0.033437060093030116, 'X7': 0.02650220681755006, 'X0': 0.02565967370395543, 'X1': 0.025510418320953476}
{'X8': 0.45133203744166966, 'X6': 0.1197394851089199, 'X3': 0.10158817395140506, 'X4': 0.07649274147856572, 'X5': 0.07151217205043493, 'X9': 0.051560133650107746, 'X7': 0.04636518433713016, 'X0': 0.04271629349366574, 'X2': 0.019677125545039156, 'X1': 0.01901665294306188}
{'X8': 0.47198752258316845, 'X6': 0.13152279965100935, 'X3': 0.0729996047641436, 'X4': 0.07059086800853971, 'X5': 0.0692317133673358, 'X9': 0.058713746031468214, 'X0': 0.049960926982185336, 'X2': 0.036881856070740106, 'X7': 0.022965053144925317, 'X1': 0.01514590939648416}
{'X8': 0.5045729734333878, 'X6': 0.09711390452834168, 'X9': 0.07662237034802966, 'X3': 0.06706248824026684, 'X4': 0.06450626613614627, 'X5': 0.06363880374759937, 'X0': 0.053248929938094096, 'X7': 0.028536354284808867, 'X2': 0.02729596351598699, 'X1': 0.017401945827338394}
{'X8': 0.4820122398852924, 'X6': 0.08642868868023906, 'X3': 0.07493996023727839, 'X4': 0.0682431907061831, 'X5': 0.06671594761594957, 'X0': 0.06163495292874641, 'X9': 0.05789304078327504, 'X7': 0.055007306757816996, 'X2': 0.02872832505829642, 'X1': 0.01839634734692253}
{'X8': 0.5305659174225159, 'X6': 0.09960459748171978, 'X4': 0.07630251765121844, 'X5': 0.07442315233245776, 'X3': 0.07045423205684889, 'X0': 0.0512784157289308, 'X9': 0.04705292725348552, 'X2': 0.022633254222591784, 'X7': 0.017679100292890042, 'X1': 0.010005885557341157}
{'X8': 0.5344709747784007, 'X6': 0.08319228933198555, 'X4': 0.07657474534680642, 'X5': 0.06985868224500993, 'X3': 0.052155851413653476, 'X9': 0.05099044688961239, 'X0': 0.05015482911580796, 'X7': 0.043752980077973465, 'X2': 0.02071472819662214, 'X1': 0.018134472604127972}
{'X8': 0.5257272181449397, 'X6': 0.10673198900542412, 'X3': 0.08109362327020328, 'X4': 0.06505967191357881, 'X5': 0.05295222572378432, 'X9': 0.0502874927270774, 'X0': 0.050040539892634614, 'X7': 0.02834138948141269, 'X2': 0.025067515915312918, 'X1': 0.014698333925632192}
{'X8': 0.5025429622509385, 'X6': 0.11672158661826995, 'X3': 0.07552787405973765, 'X4': 0.07119483364814552, 'X5': 0.06392687535204108, 'X9': 0.04420942192371632, 'X0': 0.036907029722740035, 'X2': 0.03493239512222299, 'X7': 0.031484031863437144, 'X1': 0.022552989438750688}
{'X8': 0.5499932061936676, 'X6': 0.10189693348530528, 'X4': 0.07523994289448756, 'X3': 0.059059822599690025, 'X9': 0.053429612386428474, 'X0': 0.04653894726480402, 'X5': 0.045110481085034355, 'X7': 0.032030221445833576, 'X2': 0.024651333870696117, 'X1': 0.012049498774052932}
{'X8': 0.5538539346429229, 'X6': 0.10117085315954742, 'X4': 0.0747485333106442, 'X3': 0.06988813605796018, 'X5': 0.06483733120340951, 'X0': 0.04265027594133156, 'X9': 0.03241242006556935, 'X7': 0.025581931912333298, 'X2': 0.020350322763040753, 'X1': 0.014506260943240954}
{'X8': 0.5546654026241309, 'X4': 0.08084877870257598, 'X3': 0.07591894726036842, 'X6': 0.07189680268113186, 'X5': 0.05133644032002328, 'X9': 0.046962811754477585, 'X0': 0.04073371569399341, 'X2': 0.03803217896523321, 'X7': 0.02727703690493236, 'X1': 0.012327885093132986}
{'X8': 0.5626036570717606, 'X4': 0.07727888945278683, 'X3': 0.0771598812703929, 'X6': 0.05549254705457243, 'X9': 0.05453004737789592, 'X0': 0.052965835102446616, 'X2': 0.038566152602296205, 'X5': 0.03300419396521899, 'X7': 0.030678037058866583, 'X1': 0.01772075904376287}
{'X8': 0.5910942890758021, 'X3': 0.09426392641386977, 'X4': 0.08492194039636332, 'X0': 0.05220831919922953, 'X6': 0.040119314316434375, 'X7': 0.03904013537712339, 'X5': 0.03665799853100729, 'X9': 0.02622348551284772, 'X2': 0.020533534872140973, 'X1': 0.014937056305181566}
{'X8': 0.5571390103073866, 'X0': 0.08168851744485651, 'X3': 0.07953981126434577, 'X4': 0.07360092213919539, 'X7': 0.0458937184083575, 'X9': 0.042996397097087496, 'X6': 0.042367609440430144, 'X5': 0.034336838797354934, 'X2': 0.02381766852631558, 'X1': 0.01861950657467019}
{'X8': 0.5622780742430312, 'X4': 0.08685612306053742, 'X0': 0.08126762534149957, 'X3': 0.07841461414598186, 'X5': 0.05123350133290013, 'X6': 0.04587646772772315, 'X9': 0.044426782109633196, 'X2': 0.019758292267874025, 'X1': 0.016946840496028005, 'X7': 0.012941679274791437}
{'X8': 0.5695364451386679, 'X3': 0.09597425486920078, 'X0': 0.0831111943788428, 'X4': 0.0817326685647526, 'X6': 0.03969194352197865, 'X5': 0.03195595278498636, 'X9': 0.030099820365983725, 'X7': 0.029380770266014725, 'X2': 0.024439632450011156, 'X1': 0.014077317659561439}
{'X8': 0.587519167530721, 'X3': 0.10088044024202938, 'X0': 0.08044785436414179, 'X4': 0.07285872696517758, 'X6': 0.03376916569352672, 'X9': 0.033388436255576866, 'X5': 0.02999458262452854, 'X2': 0.02531533121996761, 'X1': 0.022257773382790252, 'X7': 0.013568521721540296}
{'X8': 0.5739790614088951, 'X0': 0.0915617714392864, 'X3': 0.09017906514029377, 'X4': 0.07645319577721969, 'X9': 0.05075817867249496, 'X2': 0.0310594307515003, 'X6': 0.027170169140353206, 'X5': 0.025598846212423292, 'X7': 0.018180690793355794, 'X1': 0.01505959066417747}
{'X8': 0.5942451845178109, 'X3': 0.08930748959505745, 'X0': 0.087569811181208, 'X4': 0.06304929256592519, 'X9': 0.041505743155385834, 'X6': 0.0346054486315971, 'X1': 0.02998159694037319, 'X5': 0.02754951245284603, 'X2': 0.019331260008232983, 'X7': 0.012854660951563351}
{'X8': 0.6137858442465133, 'X3': 0.09066648774807143, 'X0': 0.07648603320652544, 'X9': 0.04946585397008933, 'X4': 0.04465760240136053, 'X6': 0.0420237971323803, 'X5': 0.03411108116605188, 'X2': 0.01850012906008856, 'X1': 0.017373527023493856, 'X7': 0.012929644045425405}
{'X8': 0.5687900437521988, 'X0': 0.07834864916677481, 'X3': 0.07756574557281458, 'X9': 0.05546448320515818, 'X4': 0.052892776464405225, 'X6': 0.041624400792496616, 'X2': 0.04000998422634464, 'X5': 0.030461495776653344, 'X7': 0.028126289371534028, 'X1': 0.026716131671619806}
{'X8': 0.5806976432176604, 'X3': 0.08152407434664638, 'X0': 0.07070623401215483, 'X4': 0.06106356095512772, 'X9': 0.056227885870120196, 'X6': 0.035288078032060445, 'X2': 0.03504388112482431, 'X7': 0.028498355871671308, 'X5': 0.02736112384515266, 'X1': 0.0235891627245818}
{'X8': 0.5682423596720757, 'X3': 0.09129936582379942, 'X4': 0.06615275357586543, 'X9': 0.06033248659136303, 'X0': 0.0528018718441087, 'X2': 0.042169751320544506, 'X1': 0.03380686439948357, 'X6': 0.031516635092279546, 'X7': 0.02895168540546674, 'X5': 0.024726226275013377}
{'X8': 0.6039973123056842, 'X3': 0.07369924623692785, 'X4': 0.05817989938764828, 'X9': 0.058149668880160627, 'X0': 0.050288335208890964, 'X6': 0.03646340025198189, 'X5': 0.03317026920762952, 'X7': 0.030437661340148008, 'X2': 0.029566897449666826, 'X1': 0.02604730973126179}
{'X8': 0.5725135287410225, 'X3': 0.0745268896228726, 'X4': 0.060648554075323546, 'X2': 0.05988278931813759, 'X9': 0.05687572522826521, 'X0': 0.05292119248425671, 'X5': 0.03503041469819127, 'X6': 0.032690205037348916, 'X7': 0.02830207887916646, 'X1': 0.02660862191541528}
{'X8': 0.5899458860808516, 'X3': 0.07156441090020742, 'X4': 0.051356004290680476, 'X9': 0.04709257479142883, 'X6': 0.04547459884938255, 'X0': 0.0453098891143233, 'X2': 0.043769027512155674, 'X1': 0.04266103855266159, 'X5': 0.03631713950947658, 'X7': 0.026509430398831926}
{'X8': 0.5758236855660585, 'X3': 0.07623149726274027, 'X9': 0.05786669866093351, 'X4': 0.056592438734768, 'X6': 0.05426491559351989, 'X5': 0.04161239306556704, 'X0': 0.04016833351145342, 'X2': 0.0338813417723248, 'X7': 0.033276701001413174, 'X1': 0.030281994831221522}
{'X8': 0.5638248023176908, 'X3': 0.09421103419303446, 'X4': 0.05601731056916347, 'X9': 0.054019116281518835, 'X0': 0.04717273167959177, 'X6': 0.04103322318849681, 'X2': 0.03977772286107832, 'X7': 0.03820420553172297, 'X5': 0.03432439966814346, 'X1': 0.03141545370955918}
{'X8': 0.542356537700999, 'X3': 0.09674720734262024, 'X5': 0.05455180231787327, 'X4': 0.05315644067393059, 'X1': 0.04823324508715698, 'X0': 0.04568852697191067, 'X6': 0.04349512494956666, 'X2': 0.04337967399999126, 'X9': 0.042085131626979605, 'X7': 0.030306309328971673}
{'X8': 0.573951918876372, 'X3': 0.07461145316385634, 'X4': 0.05515081456088465, 'X9': 0.05465343920819224, 'X2': 0.05120322825732283, 'X0': 0.047943804343102824, 'X5': 0.040600905237766535, 'X6': 0.039912799457646954, 'X7': 0.03854478700828383, 'X1': 0.02342684988657186}
{'X8': 0.582920352413878, 'X3': 0.0795504734473602, 'X4': 0.06815964823639592, 'X9': 0.0568206208648227, 'X0': 0.05201341655077983, 'X5': 0.03971609605256624, 'X6': 0.03627275654269119, 'X7': 0.03141184755911637, 'X2': 0.028903144706182892, 'X1': 0.024231643626206677}
{'X8': 0.582149378741593, 'X3': 0.07919506046141635, 'X4': 0.059013100352895365, 'X0': 0.05039265091151608, 'X9': 0.04469307457833214, 'X1': 0.04459648477977977, 'X6': 0.03763770097748486, 'X7': 0.036128992060747184, 'X5': 0.03438322552517838, 'X2': 0.03181033161105698}
{'X8': 0.5869161022897585, 'X3': 0.08363177023805439, 'X4': 0.06583014625962402, 'X0': 0.05860708469864396, 'X7': 0.04306442116614343, 'X9': 0.04305582109712269, 'X1': 0.03748516229908067, 'X2': 0.02841241202752104, 'X6': 0.02658123042226683, 'X5': 0.02641584950178445}
{'X8': 0.5840264122912739, 'X3': 0.08490741044577525, 'X4': 0.06036504738111604, 'X9': 0.048402219548993444, 'X0': 0.047010037233394045, 'X6': 0.045383265333419784, 'X2': 0.03891482622472373, 'X5': 0.03804846755183704, 'X1': 0.03257949023432446, 'X7': 0.020362823755142347}
{'X8': 0.5765092593571244, 'X3': 0.08567790847933177, 'X0': 0.0584606730101853, 'X4': 0.0565943521023899, 'X1': 0.04374617950122058, 'X9': 0.04252347570523277, 'X6': 0.04161076865550223, 'X7': 0.03628226854894092, 'X5': 0.03324156787161394, 'X2': 0.025353546768458236}
{'X8': 0.5922742423640305, 'X3': 0.07736093227049858, 'X4': 0.057911667107779195, 'X1': 0.053609782022687756, 'X0': 0.05351143321594512, 'X9': 0.04775048289376116, 'X2': 0.0407240298380331, 'X6': 0.03455266343472556, 'X5': 0.03038925226612321, 'X7': 0.011915514586415998}
{'X8': 0.5781419257164315, 'X3': 0.11365172240895328, 'X4': 0.051208338590134045, 'X0': 0.046289759581926465, 'X9': 0.04402844237120518, 'X1': 0.03963199387516128, 'X6': 0.03921220865985604, 'X5': 0.03069659271874335, 'X7': 0.03057800899219494, 'X2': 0.02656100708539392}
{'X8': 0.5712105102284613, 'X3': 0.10044442232136795, 'X1': 0.06607794188684135, 'X4': 0.05771122034737686, 'X0': 0.04798690140750418, 'X6': 0.04018493342913649, 'X9': 0.035862483792134386, 'X5': 0.031049599767837454, 'X2': 0.029812908029765696, 'X7': 0.019659078789574416}
{'X8': 0.5596881270349954, 'X3': 0.1079829372934179, 'X1': 0.0791144020437323, 'X4': 0.07279661080588733, 'X0': 0.056428109631182805, 'X9': 0.036968237793981805, 'X6': 0.02952734293866555, 'X7': 0.021706809328028903, 'X5': 0.021621276905288287, 'X2': 0.014166146224819723}
{'X8': 0.5768326204262919, 'X1': 0.08903026333870531, 'X3': 0.08443962219364484, 'X4': 0.06027822109882217, 'X0': 0.04701573426659804, 'X6': 0.03728010909424388, 'X9': 0.03305341745736561, 'X5': 0.029842781207456936, 'X7': 0.023495462629555958, 'X2': 0.018731768287315414}
{'X8': 0.5783165022286781, 'X3': 0.09665142064921992, 'X1': 0.07176993883781825, 'X4': 0.0655107169851876, 'X0': 0.04986509549505654, 'X9': 0.04182861635669215, 'X6': 0.03529699103916649, 'X5': 0.02912305889754555, 'X7': 0.016913662553327623, 'X2': 0.014723996957307865}
{'X8': 0.5603863521665134, 'X3': 0.0976182750938349, 'X1': 0.08210981267962758, 'X4': 0.07012446672655322, 'X0': 0.06999383510432178, 'X9': 0.032524339112311805, 'X6': 0.027883092745757065, 'X2': 0.022233865922326523, 'X7': 0.01965295330961955, 'X5': 0.017473007139134245}
{'X8': 0.5659670196357565, 'X3': 0.09480325031219515, 'X1': 0.09064549778675163, 'X4': 0.06399767970343283, 'X0': 0.047027557393651574, 'X9': 0.04059743873657628, 'X7': 0.0302399231239357, 'X5': 0.02459271212649892, 'X6': 0.022940722715433893, 'X2': 0.019188198465767713}
{'X8': 0.5584925057423266, 'X3': 0.1154875131429598, 'X1': 0.08269415005866339, 'X0': 0.0592852881110187, 'X4': 0.055833882153762324, 'X9': 0.03314647679828727, 'X7': 0.02876595030816679, 'X6': 0.02855182666194089, 'X5': 0.021630641643981464, 'X2': 0.016111765378892782}
{'X8': 0.5617838502144531, 'X3': 0.10882270172277778, 'X1': 0.0747507137855271, 'X0': 0.07067554334411466, 'X4': 0.06180678964250305, 'X9': 0.03745949511227465, 'X6': 0.0267888271769082, 'X2': 0.023027233652010305, 'X5': 0.01996669747437846, 'X7': 0.014918147875052676}
{'X8': 0.5404805447201523, 'X3': 0.10545460394811033, 'X1': 0.10109496411514154, 'X0': 0.07083844743777057, 'X4': 0.05762958011292855, 'X9': 0.03349178995535155, 'X6': 0.030415483980268342, 'X7': 0.021198457781068505, 'X2': 0.020131324403687895, 'X5': 0.01926480354552053}
{'X8': 0.5337371741296922, 'X3': 0.10838049638575047, 'X1': 0.10661066327974464, 'X0': 0.06751543092941051, 'X4': 0.06098918138390466, 'X9': 0.03642304354913539, 'X5': 0.024995997326257954, 'X6': 0.022772629316002598, 'X2': 0.020601617155536163, 'X7': 0.017973766544565343}
{'X8': 0.5444006495919719, 'X1': 0.11283653335986452, 'X3': 0.10983173622183517, 'X0': 0.06059400069551503, 'X4': 0.055461551692451545, 'X9': 0.033805442941516356, 'X5': 0.031678761380756225, 'X6': 0.02285020416749649, 'X2': 0.015260593393485436, 'X7': 0.013280526555107426}
{'X8': 0.5649101688522865, 'X1': 0.1000773049619593, 'X3': 0.09712655199192165, 'X0': 0.062444148159041334, 'X4': 0.05845772559075655, 'X9': 0.03352548580372865, 'X2': 0.02156846758967409, 'X6': 0.021271896253684995, 'X7': 0.021180138505138547, 'X5': 0.01943811229180836}
{'X8': 0.5370279137349996, 'X1': 0.09468259168642028, 'X3': 0.09313442518505081, 'X0': 0.0764563520938495, 'X4': 0.06691013746117765, 'X9': 0.03997704179609007, 'X6': 0.028443193790338175, 'X5': 0.024014551951979338, 'X2': 0.020148492085848027, 'X7': 0.019205300214246494}
{'X8': 0.547742432789, 'X3': 0.10319320164750605, 'X1': 0.09008911229409865, 'X0': 0.08228749499718672, 'X4': 0.0721983648682791, 'X9': 0.031052052001948976, 'X6': 0.025062587643936398, 'X2': 0.019856125205675604, 'X5': 0.0181530415473109, 'X7': 0.010365587005057606}
{'X8': 0.55030132223828, 'X3': 0.10691047590651379, 'X1': 0.09227582716370471, 'X0': 0.07735379115927644, 'X4': 0.0657875974884102, 'X6': 0.030593130505903458, 'X9': 0.026714109977327993, 'X5': 0.020879134329222813, 'X2': 0.01643824279586829, 'X7': 0.012746368435492338}
{'X8': 0.5476462155945758, 'X3': 0.11626013662540664, 'X1': 0.08098325211032108, 'X0': 0.06999191664847086, 'X4': 0.06095310739414472, 'X9': 0.03433611974318458, 'X5': 0.027444635313769977, 'X6': 0.025437468367915512, 'X7': 0.018761604499651405, 'X2': 0.018185543702559325}
{'X8': 0.5145491542888709, 'X3': 0.12332063062326139, 'X0': 0.08546291760893526, 'X1': 0.07778837699726188, 'X4': 0.07537731897535516, 'X6': 0.027868541932958082, 'X9': 0.02769145699354985, 'X7': 0.026688021555628903, 'X5': 0.02064839517920568, 'X2': 0.020605185844972868}
{'X8': 0.5014136020346807, 'X3': 0.10861919485525237, 'X0': 0.0904312928013663, 'X4': 0.0820204513323954, 'X1': 0.0771526722401045, 'X9': 0.03527080323662564, 'X6': 0.031763147597077705, 'X5': 0.025583019855572403, 'X2': 0.024524054804225547, 'X7': 0.02322176124269944}
{'X8': 0.49404905000443317, 'X3': 0.12807815199144848, 'X4': 0.08741975775964467, 'X0': 0.08379381920348497, 'X1': 0.08164522524357, 'X9': 0.030795721637574058, 'X6': 0.030579257728759378, 'X5': 0.02622739920108846, 'X7': 0.021934622704320894, 'X2': 0.015476994525675919}
{'X8': 0.5020090033858566, 'X3': 0.10949184242731443, 'X4': 0.08751211843352408, 'X0': 0.08221977492309786, 'X1': 0.08095335337944223, 'X6': 0.035367317719341124, 'X2': 0.031271646764277856, 'X9': 0.03118775395899503, 'X5': 0.0228205010914326, 'X7': 0.017166687916718337}
{'X8': 0.49650443721754745, 'X3': 0.11087089957637422, 'X1': 0.08652052138508352, 'X4': 0.0857414172678516, 'X0': 0.08249714499637391, 'X6': 0.03461090888631904, 'X2': 0.03090849847964637, 'X9': 0.02930213682987596, 'X5': 0.02420097271378936, 'X7': 0.018843062647138635}
{'X8': 0.4933805839130684, 'X3': 0.12363911767634829, 'X4': 0.09186299278016748, 'X0': 0.083811751734152, 'X1': 0.06844894145119032, 'X6': 0.03206596057400935, 'X7': 0.030114766084950024, 'X2': 0.027243055694503592, 'X9': 0.025219432594740004, 'X5': 0.024213397496870653}
{'X8': 0.49967251571686433, 'X3': 0.11039605326899313, 'X4': 0.09941756690370727, 'X0': 0.09940039964856923, 'X1': 0.06195423956022408, 'X9': 0.02968492762881155, 'X5': 0.02894730922967113, 'X6': 0.023949971291415614, 'X7': 0.023900486830925907, 'X2': 0.022676529920817652}
{'X8': 0.49229211343808393, 'X3': 0.1186233784434856, 'X4': 0.09529564500825538, 'X1': 0.08834609171983379, 'X0': 0.08294012323587303, 'X6': 0.032358607457703005, 'X9': 0.03058891893124056, 'X7': 0.02195539181597654, 'X2': 0.020701012299999776, 'X5': 0.016898717649548423}
{'X8': 0.49581103238590485, 'X1': 0.10192462521153148, 'X3': 0.09831183146484868, 'X0': 0.09162732781560262, 'X4': 0.08938331544309212, 'X6': 0.028785109929717077, 'X9': 0.028513196774679235, 'X2': 0.02290690627165801, 'X7': 0.021727764858323707, 'X5': 0.02100888984464212}
{'X8': 0.503862528685323, 'X0': 0.10438012876530484, 'X4': 0.09897858611735226, 'X1': 0.08618009584781633, 'X3': 0.08508800934119197, 'X6': 0.03676027526557436, 'X9': 0.027316227066248654, 'X5': 0.026537814058732165, 'X2': 0.01852167962792526, 'X7': 0.012374655224531114}
{'X8': 0.5043358084076022, 'X3': 0.11438004452956488, 'X0': 0.08503706716774495, 'X4': 0.0846062188145397, 'X1': 0.07412104636814026, 'X6': 0.03177986542845911, 'X9': 0.030419068189470804, 'X2': 0.030339908264401486, 'X5': 0.024973745883394547, 'X7': 0.02000722694668214}
{'X8': 0.4950639554442818, 'X3': 0.10671513801409967, 'X1': 0.09109634543479295, 'X4': 0.08927148270946986, 'X0': 0.0765835826671262, 'X6': 0.03770171232509951, 'X2': 0.03396097670136096, 'X9': 0.03142781227110044, 'X7': 0.0193271786726602, 'X5': 0.018851815760008304}
{'X8': 0.5030298302615287, 'X3': 0.107020987214203, 'X4': 0.0887933346454664, 'X1': 0.08790091826352077, 'X0': 0.08571063975072399, 'X9': 0.029967629801607523, 'X6': 0.02738268230604786, 'X5': 0.024217738326461357, 'X7': 0.024205933286967303, 'X2': 0.021770306143473094}
{'X8': 0.49597327179563966, 'X3': 0.11093610921525703, 'X4': 0.09968348630289368, 'X1': 0.08658710672855421, 'X0': 0.08141990365634895, 'X6': 0.028902565960344122, 'X5': 0.026007021942446525, 'X9': 0.025317242389342687, 'X2': 0.02412067842046189, 'X7': 0.021052613588711275}
{'X8': 0.4943611635460227, 'X3': 0.11410440837264607, 'X4': 0.1029651406506434, 'X1': 0.08922847863496086, 'X0': 0.0717924106993974, 'X6': 0.03337410283799246, 'X9': 0.031766069661041806, 'X2': 0.022967098426301513, 'X7': 0.019876635855689405, 'X5': 0.019564491315304328}
{'X8': 0.5034157590551183, 'X4': 0.1104341798765955, 'X3': 0.10244084348473394, 'X1': 0.09000548818721618, 'X0': 0.07183495312614022, 'X6': 0.030682252854310303, 'X2': 0.027074841821461818, 'X7': 0.023183412277607007, 'X9': 0.021923847370929207, 'X5': 0.019004421945887643}
{'X8': 0.49768468568139174, 'X1': 0.10269332711437149, 'X4': 0.09958079509919335, 'X3': 0.09799636335841329, 'X0': 0.0881796729068592, 'X6': 0.029033431710289874, 'X5': 0.025676888069248244, 'X9': 0.02439245395327869, 'X2': 0.017996437811677358, 'X7': 0.016765944295276784}
{'X8': 0.5063690275046567, 'X4': 0.10031251786305508, 'X3': 0.09914541235005053, 'X1': 0.09315591419951282, 'X0': 0.08107362341781645, 'X6': 0.030817787258252433, 'X9': 0.028214359078331096, 'X2': 0.02654850281173226, 'X7': 0.018379293071612, 'X5': 0.015983562444980608}
{'X8': 0.49555836192212355, 'X1': 0.12123871946297544, 'X3': 0.09657952305338331, 'X4': 0.09263537605410752, 'X0': 0.07832759913395947, 'X2': 0.032648284716689534, 'X6': 0.024062653896075318, 'X9': 0.023644085999977364, 'X5': 0.01959565042968918, 'X7': 0.015709745331019383}
